tree
version=v4
num_class=1
num_tree_per_iteration=1
label_index=0
max_feature_idx=8
objective=regression
feature_names=Column_0 Column_1 Column_2 Column_3 Column_4 Column_5 Column_6 Column_7 Column_8
feature_infos=[-0.1262245774269104:5] [-0.12638005614280701:5] [-0.12618394196033478:5] [-0.12627923488616943:5] [-0.43322253227233887:5] [-5:5] [-1.9980217218399048:5] [-5:5] [-0.11399253457784653:5]
tree_sizes=6121 6166 6170 6193 6194 6220

Tree=0
num_leaves=64
num_cat=0
split_feature=6 7 4 7 7 6 6 6 4 8 8 4 7 7 4 7 7 3 7 8 6 6 1 7 0 6 8 0 3 8 8 6 0 3 3 7 8 8 6 7 0 6 7 4 0 8 0 7 1 8 3 3 4 4 6 4 4 1 3 4 3 1 8
split_gain=0.297457 0.555267 0.280085 0.200833 0.136419 0.279249 0.130306 0.122149 0.101291 0.148758 0.0880696 0.0817845 0.0933591 0.0747878 0.0707548 0.057412 0.0551426 0.0524099 0.0466445 0.0411773 0.0399709 0.0394651 0.0387346 0.0385972 0.0383127 0.0369246 0.0354369 0.0838066 0.0383279 0.0472581 0.0358317 0.0352523 0.0334748 0.0334508 0.0681376 0.0320293 0.0537853 0.0319677 0.0318636 0.0578243 0.0406611 0.0380204 0.0312291 0.0306607 0.0415953 0.0305482 0.0564674 0.0309737 0.0302719 0.0397816 0.0330241 0.0327343 0.0491836 0.0294107 0.0282539 0.0277364 0.0285073 0.0276988 0.0272035 0.0268106 0.026603 0.0263979 0.0373021
threshold=-1.5278682112693784 0.010955962818115951 -0.40046365559101099 -0.76638504862785328 2.4797962903976445 -0.26911133527755732 2.6109715700149541 -0.91076558828353871 -0.31131680309772486 -0.10140596330165862 -0.11140157282352446 0.0089402119629085081 0.32831586897373205 3.8229299783706669 -0.21067929267883298 3.2335256338119511 -2.5376826524734493 -0.11919597908854483 3.2335256338119511 -0.087152697145938859 0.27444054186344152 -0.59139314293861378 0.039512647315859802 -1.7551982998847959 -0.071511786431074129 -1.41468870639801 -0.084799945354461656 -0.10097686573863028 -0.10868631675839423 -0.093976654112339006 -0.052637949585914605 0.11673951521515848 -0.12438942492008208 -0.058662189170718186 -0.044420639052987092 -1.7551982998847959 -0.078803829848766313 -0.10214782133698462 0.16063208878040316 0.033745015040040023 -0.11824533715844153 -1.0127556920051572 0.17430695146322253 -0.32654926180839533 -0.088352575898170457 -0.10772424191236495 -0.1223618909716606 -1.2268371582031248 -0.11983227357268332 -0.10909217968583106 -0.12314379587769507 -0.12190911173820494 0.18768785893917087 -0.09304217621684073 0.91948950290679943 -0.072704434394836412 -0.31664673984050745 -0.12409285455942153 -0.092981588095426546 -0.38777127861976618 -0.12340810522437094 -0.10177537798881529 -0.10160420835018157
decision_type=2 2 2 2 2 2 2 2 2 2 2 2 2 2 2 2 2 2 2 2 2 2 2 2 2 2 2 2 2 2 2 2 2 2 2 2 2 2 2 2 2 2 2 2 2 2 2 2 2 2 2 2 2 2 2 2 2 2 2 2 2 2 2
left_child=1 -1 18 8 10 7 13 53 16 45 -5 12 19 43 35 55 -4 -16 23 24 25 -17 59 -2 57 -14 28 -28 29 54 -29 -15 42 -32 -35 36 -11 48 39 40 -39 -42 -13 44 -7 -10 -47 -48 49 -34 60 -52 -53 -6 -19 56 -9 -12 -25 -21 -51 62 -3
right_child=2 61 3 4 5 6 -8 15 9 14 11 32 20 31 17 21 -18 26 -20 22 -22 -23 -24 58 -26 -27 27 30 -30 -31 33 -33 37 34 -36 -37 -38 38 -40 -41 41 -43 -44 -45 -46 46 47 -49 -50 50 51 52 -54 -55 -56 -57 -58 -59 -60 -61 -62 -63 -64
leaf_value=0.00093686116732723051 0.0022228661035926405 -0.0012722624402079516 0.0023354748327397805 0.0011285310938061617 0.0012465252282399569 0.0027156021054867384 -0.00033992588049813212 -0.00049319569376620603 0.001055370268453299 0.0024478606552408499 0.0021503190070753936 0.000993156696603279 4.0810271987500946e-05 0.0015130681567132301 -0.00073148015369033635 -0.0017738129136080077 0.0010047589864813926 0.0004874967400680816 -4.0320731244666754e-05 0.0010388322624877509 0.0010085704295178112 -0.00047211415782830212 0.00126718718899746 0.001049681497087986 0.0012886810710593499 0.0011769951307064354 -0.00035321681233019438 0.00073998483819318517 0.00087365867425013676 -0.00018365863562171711 -9.963777853646584e-05 0.0029384867428887875 0.00095139055748423009 0.0017174803649224579 -0.00015643924000001809 0.00067755726802795299 0.00087795403081559857 -0.00073199162373216746 0.00044811366176012921 0.0011326765200804334 0.0017688243509669745 0.0004361680274703821 3.5045662017162485e-05 0.00090758769184270992 0.00083661246456266799 -0.00014865899534799269 0.0011303508682641778 0.00068259994540084213 0.0010394735014724939 0.00041107131805908693 0.0011477702302118559 0.001200574466085388 0.00032982477881194651 9.5957642309371302e-05 0.0015302467550256376 -0.0007269592294349347 0.00094612714884370782 0.00098382460624870109 0.0012219099322237788 0.00078922321405972267 -0.00075494396946517903 -0.0012731811446607259 -0.0030426098202298388
leaf_weight=584 91 56 79 14738 135 62 116 56 2203 70 50 135 71 76 102 129 2896 492 75 1321 5934 114 560 2701 1095 10930 420 601 668 266 363 103 2588 90 103 1417 235 63 766 763 61 395 229 353 55 150 646 958 3273 197 342 222 597 93 74 96 87 23733 15188 5789 65 128 79
leaf_count=584 91 56 79 14738 135 62 116 56 2203 70 50 135 71 76 102 129 2896 492 75 1321 5934 114 560 2701 1095 10930 420 601 668 266 363 103 2588 90 103 1417 235 63 766 763 61 395 229 353 55 150 646 958 3273 197 342 222 597 93 74 96 87 23733 15188 5789 65 128 79
internal_value=0.0010092 7.64999e-05 0.00101671 0.000979609 0.00100967 0.000533708 0.0011965 -0.000179686 0.000788112 0.000703342 0.00101917 0.000991935 0.00101795 0.00147276 0.000519257 -0.000629997 0.00104053 0.00037945 0.00119596 0.000968415 0.00111316 -0.00117171 0.000867138 0.00120117 0.000999644 0.00116958 0.00041683 0.00025126 0.000591287 0.000365008 0.000471675 0.00233945 0.000859156 0.000182652 0.000716562 0.000777571 0.00124179 0.000877545 0.000703064 0.000855716 0.000449089 0.000615715 0.000389375 0.00114056 0.00183835 0.000931409 0.000775776 0.000862892 0.000926637 0.000834577 0.000622319 0.000737205 0.000565799 0.000775282 0.000624509 -7.24328e-05 0.000375966 0.000986325 0.00119591 0.000835597 0.00011619 -0.00182645 -0.00233041
internal_weight=106127 847 105280 87225 75392 1475 765 710 11833 8858 73917 59179 49483 649 4901 482 2975 3179 18055 32548 16935 243 7670 17980 24878 11001 3077 1577 1500 832 1157 179 9696 556 193 1722 305 9332 2048 1282 519 456 364 470 117 3957 1754 1604 7284 4011 1423 1161 819 228 566 239 143 23783 17889 7110 262 263 135
internal_count=106127 847 105280 87225 75392 1475 765 710 11833 8858 73917 59179 49483 649 4901 482 2975 3179 18055 32548 16935 243 7670 17980 24878 11001 3077 1577 1500 832 1157 179 9696 556 193 1722 305 9332 2048 1282 519 456 364 470 117 3957 1754 1604 7284 4011 1423 1161 819 228 566 239 143 23783 17889 7110 262 263 135
is_linear=0
shrinkage=1


Tree=1
num_leaves=64
num_cat=0
split_feature=5 5 7 6 4 8 5 5 4 5 5 7 6 6 6 8 6 8 2 2 5 0 0 8 5 6 5 5 5 7 4 0 8 8 6 7 0 6 4 5 0 4 2 6 8 2 7 5 7 6 5 7 4 5 0 6 5 7 7 8 8 0 7
split_gain=0.598123 0.383715 0.290728 0.361932 0.196215 0.305076 0.170186 0.162303 0.159128 0.134387 0.109669 0.107596 0.0979463 0.0952025 0.0875878 0.0840124 0.0830903 0.085838 0.185032 0.0787221 0.0766562 0.0929102 0.0759693 0.0737027 0.0727621 0.0640911 0.0640053 0.0586736 0.054515 0.109308 0.0522726 0.0548602 0.0801683 0.0459891 0.0443931 0.0433429 0.0527604 0.0433178 0.0409569 0.046133 0.040304 0.0397802 0.0393328 0.0423248 0.0389374 0.0387681 0.037679 0.037053 0.057527 0.0369487 0.0362626 0.0851678 0.0348328 0.0338117 0.0439239 0.0335781 0.0321532 0.031811 0.03066 0.0304024 0.0301951 0.0486605 0.0289807
threshold=3.5068846940994267 -0.037467459216713898 1.0309659242630007 -1.3415913581848142 -0.37801103293895716 -0.10729523748159407 -1.6163960695266721 -2.8653697967529292 -0.10568134859204291 -0.42060740292072291 -3.7794172763824458 -0.11895355209708212 -0.38576729595661158 1.2495769858360293 0.27444054186344152 -0.064911972731351839 -1.5278682112693784 -0.080820832401514039 -0.11065305024385451 -0.1199800707399845 4.4925839900970468 -0.096460167318582521 -0.052308406680822365 -0.10038590058684348 -0.86330381035804737 -0.66169837117195118 -0.75487419962882985 -1.2381600737571714 1.9796543121337893 1.2590397596359255 -0.099575933068990694 -0.10131526738405226 -0.051003113389015191 -0.07738910615444182 -0.55711498856544484 -0.9016011357307433 -0.12211383879184722 -0.09812131896615027 -0.41326266527175898 0.37760339677333837 -0.10458964109420775 -0.24097456037998197 -0.10730355232954024 -1.4651319980621336 -0.090073242783546434 -0.11507223546504973 3.2335256338119511 0.46343171596527105 2.2368776798248295 0.50932383537292492 1.716167747974396 1.213202238082886 -0.25285719335079188 -0.60803750157356251 -0.084091555327177034 -0.33119396865367884 1.2183986902236941 -1.0520805120468137 1.9042341709136965 -0.11288208886981009 -0.0492605622857809 -0.093318816274404512 3.2335256338119511
decision_type=2 2 2 2 2 2 2 2 2 2 2 2 2 2 2 2 2 2 2 2 2 2 2 2 2 2 2 2 2 2 2 2 2 2 2 2 2 2 2 2 2 2 2 2 2 2 2 2 2 2 2 2 2 2 2 2 2 2 2 2 2 2 2
left_child=1 2 4 -4 7 59 -5 -1 10 13 -7 56 -11 14 34 42 -13 28 45 26 62 44 53 -21 -16 -25 35 55 38 -30 31 32 -20 -32 -8 36 -10 -23 -18 58 -36 -26 43 -12 -22 -19 49 48 -33 -31 -49 -52 -46 60 -55 -27 -3 -58 -40 -6 61 -17 -2
right_child=20 11 3 6 5 8 9 -9 19 12 15 16 -14 -15 24 22 17 18 30 23 21 37 -24 25 41 27 -28 -29 29 46 33 47 -34 -35 40 -37 -38 -39 39 -41 -42 -43 -44 -45 52 -47 -48 50 -50 -51 51 -53 -54 54 -56 -57 57 -59 -60 -61 -62 -63 -64
leaf_value=0.0027617302737525553 -0.001218132922082085 -1.8945799680961575e-05 -0.0041518447491585113 0.0020604534594375373 0.00021666664524832733 0.0014746838102582841 -0.0020928152521642357 8.7596665865218343e-05 -0.0020050832493738696 -0.0022486589260451084 -0.0015522803892494151 -0.0013011565575143324 -6.9350088568171492e-06 5.3373649551749538e-05 -0.0038781900383201579 -0.0014400318738632758 0.00041254829380467573 0.0010094314717347377 0.00055088002698143197 -0.00017222415856941859 -0.0018611226201755927 -0.0021307501416013108 -0.00013106873124861149 -0.00031101895822636846 -0.00079930133232083479 -0.0017826764619801941 -0.00043274134079757988 -0.00061914011632570841 -0.0014915948673602075 -3.1693366516053167e-05 -0.0016736292367837719 0.00015841107012746841 0.0026250817435158587 -0.00010675547123445168 0.00023372318751335773 -0.0019794145871347923 -0.00040028110916654657 -0.0039390520052984363 4.6197049600825229e-05 0.00016449895886466509 -0.0013567704095967439 -0.0025455396875816712 -6.6101595807721745e-05 -0.00023556124413821427 -0.0014731681111946025 0.0027942710529115598 0.0011394501384717249 0.00039019912757378388 -0.0015299910254886046 -0.0014195895074898056 -0.00091408240284758372 0.00031098229150953305 0.00011560057899085422 0.00015007946290949127 -0.0006750230530629803 -0.00083434592292910099 -0.0014474496048254273 -0.00023151318622732518 -0.0010862338136454735 1.0158416781843944e-05 -0.0010862410010893883 -0.00021924776228593701 -0.00037451712359261763
leaf_weight=56 232 11566 77 55 2052 99 64 12568 76 53 61 99 499 98 61 108 1095 51 311 1795 128 99 1242 1157 60 203 303 1065 154 617 53 4736 54 354 82 178 155 54 15733 14925 76 74 8198 4063 65 81 62 4352 50 51 185 597 72 250 452 178 74 192 59 13516 542 327 183
leaf_count=56 232 11566 77 55 2052 99 64 12568 76 53 61 99 499 98 61 108 1095 51 311 1795 128 99 1242 1157 60 203 303 1065 154 617 53 4736 54 354 82 178 155 54 15733 14925 76 74 8198 4063 65 81 62 4352 50 51 185 597 72 250 452 178 74 192 59 13516 542 327 183
internal_value=1.19863e-06 1.17626e-05 -8.89123e-05 -0.000857746 -6.99444e-05 -0.000129393 -0.000628185 9.96769e-05 -0.000256344 -0.000768574 -0.000175833 0.000102256 -0.00022585 -0.00134872 -0.00167757 -0.000186648 0.00013853 0.000141835 0.000263875 -0.000497984 -0.00133253 -0.0018105 -0.0004277 -0.000418843 -0.0024496 -0.000588778 -0.000985559 -0.000810655 0.000101426 -0.000285669 0.000240796 0.000262794 0.000864082 -0.000314397 -0.000991504 -0.00139305 -0.000934635 -0.00279041 0.000112192 0.000101472 -0.000535046 -0.00177535 -0.000129476 -0.000255409 -0.00123637 0.00211745 -2.95756e-05 0.000240585 0.000140456 -0.000139619 0.000333882 2.03679e-05 -0.000643408 -0.000646917 -0.000381388 -0.00134297 -3.14702e-05 -0.000573935 4.18977e-05 3.73902e-05 -0.000837122 -0.000524947 -0.000847923
internal_weight=106127 105294 49843 1199 48644 36020 1122 12624 20452 1067 15342 55451 552 515 417 15243 43619 43520 10824 5110 833 418 2921 4398 195 2603 712 1446 32696 884 10692 10285 365 407 222 409 231 153 31812 30717 158 134 12322 4124 265 132 730 9920 4786 668 5134 782 137 1679 702 381 11832 266 15792 15568 977 435 415
internal_count=106127 105294 49843 1199 48644 36020 1122 12624 20452 1067 15342 55451 552 515 417 15243 43619 43520 10824 5110 833 418 2921 4398 195 2603 712 1446 32696 884 10692 10285 365 407 222 409 231 153 31812 30717 158 134 12322 4124 265 132 730 9920 4786 668 5134 782 137 1679 702 381 11832 266 15792 15568 977 435 415
is_linear=0
shrinkage=0.05


Tree=2
num_leaves=64
num_cat=0
split_feature=6 7 4 7 7 6 7 8 4 6 6 7 7 8 0 8 4 7 8 7 7 4 6 6 2 8 7 6 8 4 0 7 8 7 8 6 8 4 3 7 8 2 0 2 8 3 4 0 4 0 2 2 8 2 4 0 0 3 3 3 4 8 3
split_gain=0.24952 0.473111 0.234801 0.165071 0.120602 0.229241 0.123993 0.112712 0.165381 0.0988478 0.0849755 0.0823345 0.0696107 0.0496143 0.0507731 0.0494712 0.0572585 0.0700997 0.0621234 0.0728321 0.0461173 0.0440425 0.0412658 0.0399636 0.0388323 0.0468481 0.0377557 0.0366941 0.0356113 0.0354954 0.0348609 0.032829 0.0322126 0.0305824 0.0305561 0.0300555 0.0309464 0.0306176 0.029985 0.0297726 0.0295944 0.0355664 0.0286057 0.0262099 0.0382194 0.0260198 0.0259943 0.0259241 0.0414111 0.030675 0.0255227 0.0250179 0.0271168 0.0249484 0.0327345 0.0253073 0.0331016 0.0246827 0.0246589 0.0699063 0.048989 0.0345283 0.0242786
threshold=-1.5278682112693784 -0.21621742099523542 -0.40046365559101099 -0.48147876560688013 2.0548565387725835 -0.33921852707862848 3.8229299783706669 -0.10772424191236495 -0.19898226857185361 2.6109715700149541 -0.91076558828353871 3.8229299783706669 -3.0382127761840816 -0.084799945354461656 -0.10097686573863028 -0.11140157282352446 -0.11774830520153044 0.32831586897373205 -0.09461807087063788 0.19816229492425921 2.8129826784133916 1.3637518286705019 -0.83275213837623585 0.27444054186344152 -0.12048393487930296 -0.10684119164943694 3.2335256338119511 0.11673951521515848 0.091147329658269896 0.69575613737106334 -0.12327052280306815 -1.7551982998847959 -0.068039674311876283 2.2368776798248295 -0.10284073650836943 0.19723841547966006 -0.045320192351937287 -0.016950400546193119 -0.12080761045217513 -0.58641079068183888 -0.10543718934059142 -0.1178549826145172 -0.12375199049711226 -0.083389811217784868 -0.10416465252637862 -0.10435744002461432 -0.37706935405731196 -0.11095168069005011 0.049969639629125602 -0.11569897830486296 -0.12285169214010237 -0.10971724614500998 -0.033922901377081864 -0.098328925669193254 0.61902734637260448 -0.095278337597846971 -0.092160619795322404 -0.11910947412252425 -0.062649510800838457 -0.044420639052987092 -0.11774830520153044 -0.054142562672495835 -0.092981588095426546
decision_type=2 2 2 2 2 2 2 2 2 2 2 2 2 2 2 2 2 2 2 2 2 2 2 2 2 2 2 2 2 2 2 2 2 2 2 2 2 2 2 2 2 2 2 2 2 2 2 2 2 2 2 2 2 2 2 2 2 2 2 2 2 2 2
left_child=1 -1 26 7 15 6 10 -4 12 11 -6 29 -9 21 22 -5 17 -17 24 51 -12 -10 -15 -19 25 42 31 -13 53 33 -23 -2 -24 -7 -31 37 47 45 50 46 -32 -42 -18 44 -3 -21 -14 49 -49 -37 -27 -20 -53 -16 55 -55 -57 -48 61 60 -60 -58 -33
right_child=2 43 3 4 5 9 -8 8 13 -11 20 27 39 14 28 16 18 23 19 35 -22 30 32 -25 -26 38 -28 -29 -30 34 40 62 -34 -35 -36 36 -38 -39 -40 -41 41 -43 -44 -45 -46 -47 57 48 -50 -51 -52 52 -54 54 -56 56 58 -59 59 -61 -62 -63 -64
leaf_value=-1.7254198693553402e-05 0.0011190679863553354 -0.0016507560745594675 5.1564073365465731e-05 0.0001088943527894814 -3.6780561433596103e-05 -0.00039200553813683887 -0.002323637251401374 0.0015437348400099346 -0.000264722159821265 -0.0011667658640415134 -0.00066072483370249258 0.00044180563342271616 0.00013886003619382795 -0.0001285107634074571 0.00031734686504373367 -2.1456209725977053e-05 -0.00037879583900611092 0.00017577283995498321 -0.001394866282699743 0.00035196461717480385 -0.0016177388859408917 -0.0019399075119980371 -0.0010614959265435784 4.8916860796829204e-06 3.1203469841405364e-05 -0.0010413263981140484 -0.00094015057540290355 0.0018229664197021451 -0.0016643073575830728 -2.8155466917758954e-05 -5.2581906330648481e-05 3.3815027420171582e-05 -0.0021601396018840289 0.00033532492334495927 -0.0016518492073716842 -0.00095984978726375162 0.00058444533874366989 0.00035984827523905319 -0.0015870027393137924 -0.00029044146732392289 -0.0013228958348433179 -0.00036533639899507576 -2.6482511111581937e-05 -0.001803457344863809 -0.0033080840160213142 -0.00071544403724914732 0.00088360981418869437 -0.00043124987159807451 -0.0020101610532872482 0.0007179253472978334 -0.00024699665610171596 -0.00046913394140193069 -0.0016063359980527762 -0.0010220903028982176 -0.001574811063597515 0.00053504300532222261 -0.00025798077072622399 -0.0001114435432900884 -0.00049775771060888438 -0.0011832237768277236 0.0014231862769269483 -0.00103441959576287 0.00019651870411981147
leaf_weight=565 91 51 5079 13562 303 187 137 64 3542 138 282 91 1395 91 103 24998 727 9676 151 86 230 53 301 5293 5847 136 75 103 60 64 169 2701 87 625 52 53 53 376 65 1648 194 195 2763 94 137 166 62 98 72 54 390 352 61 151 65 99 327 5879 53 76 86 255 15188
leaf_count=565 91 51 5079 13562 303 187 137 64 3542 138 282 91 1395 91 103 24998 727 9676 151 86 230 53 301 5293 5847 136 75 103 60 64 169 2701 87 625 52 53 53 376 65 1648 194 195 2763 94 137 166 62 98 72 54 390 352 61 151 65 99 327 5879 53 76 86 255 15188
internal_value=1.1215e-06 -0.000853124 8.00212e-06 -2.59707e-05 1.15887e-05 -0.000351393 -0.000936544 -0.000151934 -0.000221044 9.11121e-05 -0.000700814 0.000246726 -8.668e-05 -0.000426806 -0.000649798 2.39505e-05 1.54363e-06 2.97855e-05 -9.70305e-05 -0.000394375 -0.00109295 -0.000332493 -0.00108851 0.000115354 -5.14113e-05 -0.000169755 0.00017212 0.00118069 -0.000484254 5.04179e-05 -0.000724288 0.000176811 -0.00131276 0.000167548 -0.000763915 -0.000128693 -0.000514264 7.44111e-05 -0.000581047 -9.84652e-05 -0.000605563 -0.000845053 -9.99602e-05 -0.00252185 -0.0028696 -0.000351218 -5.53049e-05 -0.000725833 -0.00110781 -0.000114315 -0.000453961 -0.000844631 -0.000640573 -0.000424659 -0.000493612 -0.00042505 -0.000323406 -0.000100912 -0.000430575 2.6991e-05 0.000692416 -0.000599364 0.000171956
internal_weight=106127 847 105280 87225 67191 2212 952 20034 14955 1260 815 1122 9048 5907 1754 64979 51417 39967 11450 1522 512 4153 479 14969 9928 4081 18055 194 1275 928 611 17980 388 812 116 958 330 628 591 8984 558 389 3490 282 188 252 7336 277 170 107 526 564 413 1215 1112 1047 896 5941 797 215 139 582 17889
internal_count=106127 847 105280 87225 67191 2212 952 20034 14955 1260 815 1122 9048 5907 1754 64979 51417 39967 11450 1522 512 4153 479 14969 9928 4081 18055 194 1275 928 611 17980 388 812 116 958 330 628 591 8984 558 389 3490 282 188 252 7336 277 170 107 526 564 413 1215 1112 1047 896 5941 797 215 139 582 17889
is_linear=0
shrinkage=0.05


Tree=3
num_leaves=64
num_cat=0
split_feature=5 5 7 6 5 5 5 5 6 8 2 7 6 6 6 8 1 2 5 1 7 1 8 2 8 8 1 5 7 5 7 6 3 6 2 8 2 8 5 1 8 5 6 8 6 2 8 3 3 8 6 7 5 5 7 6 5 7 7 7 6 2 5
split_gain=0.511981 0.33463 0.257029 0.305896 0.154152 0.131705 0.121041 0.0931339 0.18729 0.0920296 0.119334 0.0916336 0.08778 0.085835 0.0786665 0.0673829 0.149897 0.0692291 0.0670544 0.0824127 0.0664208 0.0656043 0.0590228 0.0669924 0.0645145 0.0512323 0.048296 0.0478514 0.0837565 0.046415 0.0496635 0.0444243 0.0431358 0.0418736 0.0414339 0.129317 0.0986411 0.0583034 0.0402687 0.0369906 0.069874 0.0364794 0.0350132 0.0338891 0.0315447 0.0313457 0.0505687 0.0338119 0.0523937 0.0300567 0.0299921 0.0358667 0.0294536 0.0291038 0.0384355 0.0322778 0.0272798 0.0278711 0.0268064 0.026782 0.0582639 0.0267312 0.0263964
threshold=3.5068846940994267 -0.037467459216713898 1.0309659242630007 -1.3415913581848142 -1.6163960695266721 -0.97763815522193898 -0.42060740292072291 -3.7794172763824458 -0.28481660783290857 -0.10892193764448165 -0.11798000708222388 -0.11895355209708212 -0.38576729595661158 1.2495769858360293 0.27444054186344152 -0.080820832401514039 -0.11106386035680769 -0.11507223546504973 4.4925839900970468 -0.096972949802875505 1.6751405596733095 -0.1077650412917137 -0.11121069267392157 -0.058634849265217774 -0.064911972731351839 -0.10476696118712424 -0.1218411587178707 1.6067309379577639 1.2590397596359255 0.53440970182418834 2.2368776798248295 -1.4651319980621336 -0.11159271001815795 -0.15274956077337262 -0.058634849265217774 -0.07738910615444182 -0.10028918460011481 -0.051003113389015191 1.9796543121337893 -0.089455049484968172 -0.093000940978527055 0.17352842539548877 -0.18378166854381559 -0.090073242783546434 -1.3415913581848142 -0.10894737765192984 -0.10101404786109923 -0.11355879530310629 -0.11269429698586463 -0.068039674311876283 -0.85388424992561329 1.1706257462501528 -1.782362639904022 -1.1625871658325193 -0.21621742099523542 -0.67836889624595631 1.2183986902236941 -1.0520805120468137 1.9042341709136965 3.2335256338119511 -0.68735510110855091 -0.080763246864080415 0.78094372153282177
decision_type=2 2 2 2 2 2 2 2 2 2 2 2 2 2 2 2 2 2 2 2 2 2 2 2 2 2 2 2 2 2 2 2 2 2 2 2 2 2 2 2 2 2 2 2 2 2 2 2 2 2 2 2 2 2 2 2 2 2 2 2 2 2 2
left_child=1 2 5 -4 -5 7 13 8 21 -9 25 56 -8 14 32 27 17 -17 59 43 -16 -1 -7 24 39 26 -11 29 38 30 61 -18 -6 -21 35 45 52 -38 -29 40 -24 58 -34 -20 -23 46 -12 -48 -49 -36 -31 -52 -37 54 -47 -55 -3 -58 -33 60 -2 -13 -53
right_child=18 11 3 4 6 22 12 9 -10 10 34 15 -14 -15 20 16 31 -19 19 33 -22 44 23 -25 -26 -27 -28 28 -30 50 -32 41 42 -35 49 36 37 -39 -40 -41 -42 -43 -44 -45 -46 53 47 48 -50 -51 51 62 -54 55 -56 -57 57 -59 -60 -61 -62 -63 -64
leaf_value=-0.00069794976811449899 -0.00010062477038905625 -1.6540190196348858e-05 -0.0038345133075124932 0.0019638021987962669 -0.00016825825614522738 0.00010622522301587522 -0.0021285330956474086 0.00011310579076290433 0.0031403465801649248 -0.0012184648244067714 -8.050932446588016e-05 5.2115273754928426e-05 -6.335204330389388e-06 5.2082800862586338e-05 -0.0015236543358743962 0.00066591238439152095 -0.00097196574961577796 0.0031249775525793669 -0.0017221449497655573 -0.0019121006594535795 -0.0034160420645692777 0.0015872547177311321 -6.2991762768370459e-05 8.1100082209960308e-05 -0.00041912936172207847 -0.0013401720872277963 -0.00027809933582188128 -0.00040570607289321174 5.1976906005791764e-05 -2.7733416994518312e-05 -0.0014219891270191253 7.023013991392338e-05 -0.0023805069744412322 -0.0036526989053042298 0.00077584344854375771 -0.00098261784086429082 -0.00023727070286434085 -0.00095530423964427255 -0.00140175886985022 6.6984916783880481e-05 -0.00033441461902065472 0.00027256213913909343 -0.000675991135261332 -0.00058632119062299298 0.00021334088526317897 4.4398159818938083e-05 -0.0011086872885341739 0.00089220293747904885 -0.00063358837089153258 -0.0001015727582228869 0.00018934265335864662 4.3891119870743205e-05 -0.0020614226884438386 -0.00061507624000647953 0.0013408146441603701 0.0001549619563196426 -0.0013453525013367956 -0.00020728440390697106 -0.0010897764955420737 -0.00032490191601838256 -0.0017403275566591351 0.00025571775147059135 0.00061327321537818112
leaf_weight=153 86 11566 77 55 100 6978 53 1331 57 201 848 19441 499 98 114 53 77 63 128 94 81 64 17219 7152 1423 348 424 294 1157 1298 55 2124 63 59 103 114 684 482 155 3955 2749 8514 59 137 118 1215 259 67 327 1587 7405 262 151 357 59 219 74 192 50 183 146 1757 914
leaf_count=153 86 11566 77 55 100 6978 53 1331 57 201 848 19441 499 98 114 53 77 63 128 94 81 64 17219 7152 1423 348 424 294 1157 1298 55 2124 63 59 103 114 684 482 155 3955 2749 8514 59 137 118 1215 259 67 327 1587 7405 262 151 357 59 219 74 192 50 183 146 1757 914
internal_value=1.05118e-06 1.08249e-05 -8.31906e-05 -0.000806094 -0.000595032 -6.53559e-05 -0.000728646 -0.000236066 0.000517086 -0.000269762 -0.000338216 9.53321e-05 -0.000213578 -0.00127924 -0.00159149 0.000128807 0.000236599 0.00201673 -0.00123291 -0.00167991 -0.00232314 6.27228e-05 -2.57049e-05 -5.40354e-05 -9.21689e-05 -0.000854253 -0.000581984 9.29751e-05 -0.000173098 0.000106706 6.5077e-05 0.000217231 -0.000941283 -0.00260267 -0.000260515 -0.000335711 -0.000733436 -0.000534655 -0.000751906 -7.27038e-05 -0.000100373 0.000225889 -0.00156839 -0.00113936 0.000702509 -0.0001657 -0.000335392 -0.000665758 -0.000372525 -4.76699e-05 0.000196248 0.000230128 -0.00160277 -2.79139e-05 0.000105441 -0.00032254 -2.80764e-05 -0.000527743 4.30623e-05 -0.000779722 -0.00113555 6.90022e-05 0.000486566
internal_weight=106127 105294 49843 1199 1122 48644 1067 9168 392 8776 7445 55451 552 515 417 43619 10881 116 833 418 195 335 39476 32498 25346 973 625 32738 1606 31132 21253 10765 222 153 6472 4782 1431 1166 449 23923 19968 10688 122 265 182 3351 1501 653 394 1690 9879 8581 265 1850 1274 576 11832 266 2174 415 232 21198 1176
internal_count=106127 105294 49843 1199 1122 48644 1067 9168 392 8776 7445 55451 552 515 417 43619 10881 116 833 418 195 335 39476 32498 25346 973 625 32738 1606 31132 21253 10765 222 153 6472 4782 1431 1166 449 23923 19968 10688 122 265 182 3351 1501 653 394 1690 9879 8581 265 1850 1274 576 11832 266 2174 415 232 21198 1176
is_linear=0
shrinkage=0.05


Tree=4
num_leaves=64
num_cat=0
split_feature=5 5 7 5 5 2 8 1 7 8 7 5 7 5 7 5 0 5 5 5 2 8 0 8 1 7 8 8 7 8 2 7 7 2 8 7 7 7 5 2 7 0 3 2 5 7 8 7 5 8 7 5 8 8 7 5 0 1 2 2 3 5 5
split_gain=0.462527 0.302051 0.232334 0.11679 0.0846755 0.0993946 0.0844801 0.101255 0.0827067 0.0819408 0.0628337 0.0625301 0.0943177 0.0711353 0.13064 0.0606131 0.075543 0.0592016 0.069234 0.0586779 0.0578555 0.0551964 0.156916 0.0510592 0.0522199 0.0422511 0.0393643 0.0385455 0.0372607 0.0365507 0.134129 0.0724275 0.0410387 0.0364083 0.0717726 0.0363085 0.0339843 0.0338047 0.0320563 0.0316029 0.0303423 0.0300562 0.0397177 0.0266632 0.0261746 0.0351488 0.0315804 0.0361241 0.0258671 0.0274754 0.0255914 0.02509 0.0250193 0.0247887 0.024688 0.0245854 0.0237773 0.034548 0.0237628 0.0234906 0.0325313 0.0233329 0.0224654
threshold=3.5068846940994267 -0.037467459216713898 1.3692227005958559 -0.97763815522193898 -3.7794172763824458 -0.10730355232954024 -0.10892193764448165 -0.11693644523620604 -0.11895355209708212 -0.10214782133698462 0.27780425548553472 0.3703062385320664 1.9042341709136965 1.6067309379577639 1.213202238082886 4.4925839900970468 -0.089843194931745515 -0.13732638955116269 -1.4750826358795164 -0.57139781117439259 -0.12138752266764639 -0.082018557935953126 -0.10999534651637076 -0.11101113259792326 -0.070247128605842576 1.0309659242630007 -0.093000940978527055 0.054497202858328826 3.2335256338119511 -0.07738910615444182 -0.094074077904224382 0.58288502693176281 0.78156742453575145 -0.054413788020610802 -0.051003113389015191 -0.88095131516456593 -1.2268371582031248 3.8229299783706669 -1.1625871658325193 -0.10730355232954024 2.8129826784133916 -0.1089741215109825 -0.10934529826045035 -0.10730355232954024 0.4097269475460053 -0.19078898429870603 -0.051003113389015191 -0.20936782658100125 2.1899352073669438 -0.08670396730303763 -0.1845530569553375 -2.4669424295425411 0.045203873887658126 -0.10140596330165862 1.7747964859008791 2.4635013341903691 -0.058644488453865044 -0.096129018813371644 -0.11581680923700331 -0.11928585171699523 -0.10868631675839423 0.56880101561546337 -0.42060740292072291
decision_type=2 2 2 2 2 2 2 2 2 2 2 2 2 2 2 2 2 2 2 2 2 2 2 2 2 2 2 2 2 2 2 2 2 2 2 2 2 2 2 2 2 2 2 2 2 2 2 2 2 2 2 2 2 2 2 2 2 2 2 2 2 2 2
left_child=1 2 3 4 5 -1 -6 9 44 20 23 12 -10 21 55 52 37 18 -4 25 -8 -13 -23 -5 26 -12 41 -18 -24 35 31 43 33 34 -32 39 -22 -17 -37 53 48 42 -25 -31 46 -46 -3 -48 49 -16 -36 -35 -2 -9 59 -15 57 -7 -39 -50 -61 -47 -20
right_child=15 8 17 10 6 56 7 29 11 -11 19 13 -14 14 40 16 27 -19 62 -21 36 22 28 24 -26 -27 -28 -29 -30 30 32 -33 -34 51 50 38 -38 58 -40 -41 -42 -43 -44 -45 45 61 47 -49 54 -51 -52 -53 -54 -55 -56 -57 -58 -59 -60 60 -62 -63 -64
leaf_value=-0.00038472355614492168 -0.00090023681687045941 -2.4301421179942678e-05 0.00053148202649835094 0.00011520073451280738 0.00010862115368926284 0.0018231055235783397 -0.0010888834757359542 -0.00018654297773820053 6.8767689536093805e-05 -0.0014862678180277739 -0.0004559861143014552 0.00015991432385738258 -0.0011173192666653325 -0.0005259103177664053 -4.0094346169554247e-06 -0.0016247703831832956 -0.0033565837815970286 0.00021940495950322405 -0.0016143590884994494 -0.00012437217164924021 0.00019668517530645299 0.0024633820476294716 0.00032363542641928504 -8.221410284707425e-05 7.4343140403392149e-05 -0.0015602414153912797 -0.00021041333722907429 -0.0015850489509244591 -0.00099681502302970603 -0.0020909651712800316 -7.1751106312294971e-05 0.00053027455741948076 -0.0015941803994118581 -0.00067271206917461288 -0.00073970079169945451 0.00031919560395072584 -0.00056830170673740613 -0.0013708611032651628 -0.00018421798302792111 -6.2564906686349609e-05 0.00058493721955028518 4.6210104537098663e-05 -0.00084243087467828967 -0.0011427146547038219 -0.00023115037022613312 -0.00010724964834840856 0.00034500107010328532 -0.00037988765170396594 0.00038003683937693665 0.00054981993977785938 -0.0017697548029090822 1.5628560992719404e-05 0.00020048822038692472 -0.00069217580534178041 4.4562754680793387e-05 -0.0014425240172506648 0.0019426664787445319 0.00021713485768284753 1.3466778764268385e-05 -0.0016719653393459115 -0.00033728566241747557 0.00063678124146896331 -0.0009369414088370514
leaf_weight=177 355 7616 53 7007 1332 53 289 445 20416 286 623 14536 168 651 492 158 73 86 326 4339 263 85 5561 9473 7763 100 4404 58 53 100 598 56 53 145 373 669 322 50 598 994 330 6040 174 310 2439 211 1156 201 54 410 72 1419 60 534 576 82 73 89 79 68 137 209 205
leaf_count=177 355 7616 53 7007 1332 53 289 445 20416 286 623 14536 168 651 492 158 73 86 326 4339 263 85 5561 9473 7763 100 4404 58 53 100 598 56 53 145 373 669 322 50 598 994 330 6040 174 310 2439 211 1156 201 54 410 72 1419 60 534 576 82 73 89 79 68 137 209 205
internal_value=9.86219e-07 1.02759e-05 -7.90458e-05 -6.64344e-05 -0.000226509 0.000491772 -0.000258348 -0.000323302 9.05641e-05 -0.000752775 -2.93409e-05 0.000122367 5.90334e-05 0.000178957 -5.72316e-05 -0.00117186 -0.00159685 -0.00100316 -0.00118326 -0.000193935 -0.000511329 0.000211641 0.000343523 -5.43602e-06 -3.57867e-05 -0.000610663 -7.83415e-05 -0.00259019 0.000310994 -0.000244939 -0.000366893 -0.00114849 -0.000229586 -0.000201243 -0.000429903 -0.000127198 -0.000224636 -0.00113602 8.1636e-05 -0.000261279 0.000146188 -4.12523e-05 -9.60118e-05 -0.00137852 -2.66792e-05 -0.000158399 1.53025e-05 0.000237429 6.25449e-05 0.000248061 -0.000909956 -4.85773e-05 -0.000740996 -0.000462768 -0.000137914 -0.000630277 0.00121179 0.000825104 -0.000529512 -0.000542342 -0.000785976 0.000263627 -0.00135509
internal_weight=106127 105294 49843 49173 9250 392 8858 7526 55451 1160 39923 43619 20584 23035 2800 833 418 670 584 5062 874 20235 5699 34861 27854 723 20091 131 5614 6366 3126 466 2660 2607 1043 3240 585 287 1267 1973 2067 15687 9647 410 11832 2859 8973 1357 1737 902 445 1564 415 979 835 733 215 142 129 259 205 420 531
internal_count=106127 105294 49843 49173 9250 392 8858 7526 55451 1160 39923 43619 20584 23035 2800 833 418 670 584 5062 874 20235 5699 34861 27854 723 20091 131 5614 6366 3126 466 2660 2607 1043 3240 585 287 1267 1973 2067 15687 9647 410 11832 2859 8973 1357 1737 902 445 1564 415 979 835 733 215 142 129 259 205 420 531
is_linear=0
shrinkage=0.05


Tree=5
num_leaves=64
num_cat=0
split_feature=5 5 5 6 8 5 8 2 6 5 8 2 6 0 6 8 1 8 5 2 6 8 2 1 8 8 6 6 5 1 6 2 2 8 2 8 5 2 1 0 2 6 8 2 3 8 6 6 6 3 6 6 6 6 2 8 1 8 0 6 2 8 3
split_gain=0.354017 0.259978 0.124953 0.116027 0.0874697 0.0870055 0.0754427 0.160056 0.0971342 0.0683526 0.0734627 0.108896 0.0622638 0.0495021 0.0439787 0.0439499 0.0450894 0.0511211 0.0424885 0.0404285 0.0403737 0.0382713 0.055888 0.0376419 0.0468918 0.0363097 0.0618998 0.0543792 0.0572037 0.0457538 0.0400695 0.0375222 0.0361392 0.0338706 0.0474036 0.064411 0.0334929 0.032089 0.0312297 0.0303965 0.0300918 0.0268657 0.0250652 0.0433849 0.0346195 0.0246744 0.0566927 0.0663045 0.0238255 0.023704 0.023137 0.0378294 0.0227168 0.0224814 0.0265007 0.106042 0.0656057 0.0443303 0.0380981 0.0289972 0.0227342 0.0212669 0.0212343
threshold=4.4925839900970468 -0.57139781117439259 0.3703062385320664 -1.4651319980621336 -0.10160420835018157 3.5068846940994267 -0.10572595521807669 -0.11358936503529547 -1.5278682112693784 -3.7794172763824458 -0.076659828424453721 -0.054413788020610802 -0.54075881838798512 -0.091717299073934541 2.6109715700149541 -0.11304770037531851 -0.047286817803978913 -0.063729051500558839 -0.16705031692981717 -0.10730355232954024 -0.4019798189401626 -0.099721617996692644 -0.12206747755408286 -0.085994426161050783 -0.094289388507604585 -0.057021619752049439 -1.3415913581848142 0.47491335868835455 -0.90667694807052601 -0.092289563268423067 -0.86455890536308277 -0.10161254182457923 -0.091692060232162462 1.0000000180025095e-35 0.01194192096590996 0.10969888791441919 -1.0043250322341917 -0.079597324132919298 -0.080700762569904314 -0.057439109310507767 -0.10238930583000182 -0.73322579264640797 -0.099497754126787172 -0.10762640833854674 -0.11269429698586463 -0.055543540045619004 -0.80162739753723133 1.503049969673157 0.082906369119882597 -0.039080385118722909 0.024050934240221981 0.57276043295860302 0.16063208878040316 -0.82264301180839527 -0.099030684679746614 -0.079488966614007936 -0.11166029796004294 -0.055543540045619004 -0.10276135429739951 0.53424909710884105 -0.098328925669193254 -0.047360651195049279 0.054899722337722785
decision_type=2 2 2 2 2 2 2 2 2 2 2 2 2 2 2 2 2 2 2 2 2 2 2 2 2 2 2 2 2 2 2 2 2 2 2 2 2 2 2 2 2 2 2 2 2 2 2 2 2 2 2 2 2 2 2 2 2 2 2 2 2 2 2
left_child=1 6 3 4 -3 14 48 8 -8 12 38 19 -9 45 39 -5 17 23 -19 20 -12 22 -10 24 -17 29 -27 31 -29 30 -21 -28 40 -13 35 49 -23 -15 42 53 -20 -7 -11 44 -44 46 -2 -48 -1 -35 -43 -52 -50 61 55 -55 -57 59 -59 -58 -56 -4 -41
right_child=13 2 5 15 -6 41 7 9 21 10 11 33 -14 37 -16 16 -18 18 32 25 -22 36 -24 -25 -26 26 27 28 -30 -31 -32 -33 -34 34 -36 -37 -38 -39 -40 62 -42 50 43 -45 -46 -47 47 -49 52 -51 51 -53 -54 54 60 56 57 58 -60 -61 -62 -63 -64
leaf_value=-4.4404517140205852e-05 0.00017648357913690145 -7.653343226281065e-05 1.0774180979296418e-05 0.00020037973475443634 -0.0025509350310014087 -1.0072626611147833e-05 -0.0022867696175094825 0.00024720933394822473 -0.0015545030394997939 7.7446946601037305e-05 -0.002303444040262548 8.2822794777482028e-05 0.0021858783967475593 -0.0032571971090624621 -0.0004709085610117874 -9.8070863116315136e-06 9.7411800849116318e-05 -0.00051340467460691923 -0.0005520793769106853 0.00021012709169236228 -0.00055528930453977116 -0.0011204043077804981 -0.0002863674257623113 0.00010676482177661173 -0.00017246651613670458 -0.0023247281111772673 0.00072580414940603087 -0.0028432151950118223 -0.0007125098764160534 -0.00010424579056772867 -0.0010361539855176468 -0.00056667267862825325 -0.00018735976982179521 0.00057223221721450007 -0.00010236515797133793 -0.0020122933191759058 -0.00039369530145947067 -0.0016254227775620125 0.00025236137487866689 0.00034798376651406203 0.00083800238410072282 -0.0014626836397552065 0.00046507305822070732 -7.2007218900609529e-05 -0.00063306336274423277 -0.00010230302858097411 -0.0024208975609608702 -0.00034373086814026713 0.0010492752953638934 -0.00058098374582461374 0.00051661302075105698 -0.0010499435266020944 0.00016367121209148706 0.00014892268018586269 -0.00046336107095536379 0.0020994720936192437 4.8338540472249505e-05 0.00065960678366038395 0.0024205471414395358 0.00092240068857592922 6.8765724408073359e-05 -0.00086635531665770415 0.00012312197013412683
leaf_weight=4978 50 66 2590 2709 77 132 86 191 94 1468 63 1346 52 50 289 35385 8954 937 50 82 70 453 1029 5728 5064 55 59 52 80 842 296 911 1170 51 1369 76 246 85 758 2878 166 104 80 2465 646 53 115 58 85 317 58 111 462 12851 208 85 268 72 54 146 5070 70 1655
leaf_count=4978 50 66 2590 2709 77 132 86 191 94 1468 63 1346 52 50 289 35385 8954 937 50 82 70 453 1029 5728 5064 55 59 52 80 842 296 911 1170 51 1369 76 246 85 758 2878 166 104 80 2465 646 53 115 58 85 317 58 111 462 12851 208 85 268 72 54 146 5070 70 1655
internal_value=-2.06842e-06 3.63285e-06 4.00578e-05 2.1803e-07 -0.00141737 0.000130238 -0.000165161 -0.000229932 -0.000653479 -0.000158548 -0.000176754 -0.000302555 0.000669327 -0.00146488 0.000141473 3.61095e-06 -5.67017e-06 -2.47026e-05 -0.00025352 -0.000548335 -0.00139437 -0.000575174 -0.000393804 -1.31864e-05 -3.01749e-05 -0.00050043 -0.000701076 -0.000618006 -0.00156695 -0.000309727 -0.000765956 -0.000487392 -7.75832e-05 -0.000107159 -0.000248172 -0.000696502 -0.00086558 -0.00224929 -4.50681e-05 0.000148312 0.000515163 -0.000596145 -9.35024e-05 -0.000172146 -0.000511583 -0.00107447 -0.00130403 -0.00173048 -9.9661e-06 -0.000420045 -0.00087845 -0.000512432 0.000302952 0.000123402 0.000142696 0.000179891 0.000815387 0.000609755 0.00142741 0.000358063 4.77114e-05 -1.26251e-05 0.000265932
internal_weight=106120 105709 86947 60306 143 26641 18762 13237 1908 11329 11086 5669 243 411 26236 60163 57454 48500 2323 2510 133 1822 1123 46177 40449 2377 1157 1102 132 1220 378 970 1386 3159 1813 444 699 135 5417 25947 216 405 4659 3191 726 276 223 173 5525 368 273 169 547 21414 18754 13476 625 540 126 414 5278 2660 4533
internal_count=106120 105709 86947 60306 143 26641 18762 13237 1908 11329 11086 5669 243 411 26236 60163 57454 48500 2323 2510 133 1822 1123 46177 40449 2377 1157 1102 132 1220 378 970 1386 3159 1813 444 699 135 5417 25947 216 405 4659 3191 726 276 223 173 5525 368 273 169 547 21414 18754 13476 625 540 126 414 5278 2660 4533
is_linear=0
shrinkage=0.05


end of trees

feature_importances:
Column_8=71
Column_7=63
Column_6=59
Column_5=56
Column_2=37
Column_0=27
Column_4=26
Column_3=22
Column_1=17

parameters:
[boosting: gbdt]
[objective: regression]
[metric: l2]
[tree_learner: serial]
[device_type: cpu]
[data_sample_strategy: bagging]
[data: ]
[valid: ]
[num_iterations: 1200]
[learning_rate: 0.05]
[num_leaves: 64]
[num_threads: 0]
[seed: 0]
[deterministic: 0]
[force_col_wise: 0]
[force_row_wise: 0]
[histogram_pool_size: -1]
[max_depth: -1]
[min_data_in_leaf: 50]
[min_sum_hessian_in_leaf: 0.001]
[bagging_fraction: 0.8]
[pos_bagging_fraction: 1]
[neg_bagging_fraction: 1]
[bagging_freq: 5]
[bagging_seed: 3]
[bagging_by_query: 0]
[feature_fraction: 0.8]
[feature_fraction_bynode: 1]
[feature_fraction_seed: 2]
[extra_trees: 0]
[extra_seed: 6]
[early_stopping_round: 0]
[early_stopping_min_delta: 0]
[first_metric_only: 0]
[max_delta_step: 0]
[lambda_l1: 0]
[lambda_l2: 1]
[linear_lambda: 0]
[min_gain_to_split: 0]
[drop_rate: 0.1]
[max_drop: 50]
[skip_drop: 0.5]
[xgboost_dart_mode: 0]
[uniform_drop: 0]
[drop_seed: 4]
[top_rate: 0.2]
[other_rate: 0.1]
[min_data_per_group: 100]
[max_cat_threshold: 32]
[cat_l2: 10]
[cat_smooth: 10]
[max_cat_to_onehot: 4]
[top_k: 20]
[monotone_constraints: ]
[monotone_constraints_method: basic]
[monotone_penalty: 0]
[feature_contri: ]
[forcedsplits_filename: ]
[refit_decay_rate: 0.9]
[cegb_tradeoff: 1]
[cegb_penalty_split: 0]
[cegb_penalty_feature_lazy: ]
[cegb_penalty_feature_coupled: ]
[path_smooth: 0]
[interaction_constraints: ]
[verbosity: -1]
[saved_feature_importance_type: 0]
[use_quantized_grad: 0]
[num_grad_quant_bins: 4]
[quant_train_renew_leaf: 0]
[stochastic_rounding: 1]
[linear_tree: 0]
[max_bin: 255]
[max_bin_by_feature: ]
[min_data_in_bin: 3]
[bin_construct_sample_cnt: 200000]
[data_random_seed: 1]
[is_enable_sparse: 1]
[enable_bundle: 1]
[use_missing: 1]
[zero_as_missing: 0]
[feature_pre_filter: 1]
[pre_partition: 0]
[two_round: 0]
[header: 0]
[label_column: ]
[weight_column: ]
[group_column: ]
[ignore_column: ]
[categorical_feature: ]
[forcedbins_filename: ]
[precise_float_parser: 0]
[parser_config_file: ]
[objective_seed: 5]
[num_class: 1]
[is_unbalance: 0]
[scale_pos_weight: 1]
[sigmoid: 1]
[boost_from_average: 1]
[reg_sqrt: 0]
[alpha: 0.9]
[fair_c: 1]
[poisson_max_delta_step: 0.7]
[tweedie_variance_power: 1.5]
[lambdarank_truncation_level: 30]
[lambdarank_norm: 1]
[label_gain: ]
[lambdarank_position_bias_regularization: 0]
[eval_at: ]
[multi_error_top_k: 1]
[auc_mu_weights: ]
[num_machines: 1]
[local_listen_port: 12400]
[time_out: 120]
[machine_list_filename: ]
[machines: ]
[gpu_platform_id: -1]
[gpu_device_id: -1]
[gpu_use_dp: 0]
[num_gpu: 1]

end of parameters

pandas_categorical:null
