tree
version=v4
num_class=1
num_tree_per_iteration=1
label_index=0
max_feature_idx=8
objective=regression
feature_names=Column_0 Column_1 Column_2 Column_3 Column_4 Column_5 Column_6 Column_7 Column_8
feature_infos=[-0.1264350563287735:5] [-0.12658858299255371:5] [-0.1263919323682785:5] [-0.12648019194602966:5] [-0.43321773409843445:5] [-4.0397491455078125:5] [-1.9954947233200073:5] [-5:5] [-0.11399253457784653:5]
tree_sizes=6183 6197 6132 6177 6206 6180 6148 6163 6201 6161 6183 6223 6172

Tree=0
num_leaves=64
num_cat=0
split_feature=1 8 8 7 6 4 7 6 1 4 7 3 8 6 8 4 8 8 8 6 1 4 8 0 8 1 4 6 7 8 4 8 0 7 0 8 1 6 4 4 1 6 0 8 0 4 7 1 3 8 4 3 8 8 7 3 4 0 4 8 4 7 4
split_gain=0.0947087 0.0926898 0.0577129 0.0588176 0.0813526 0.0493603 0.109612 0.0839278 0.0513036 0.0482243 0.0537252 0.0469711 0.0856734 0.0512994 0.0467925 0.0432308 0.0383759 0.0323244 0.0263969 0.0261862 0.0252771 0.0249268 0.0243394 0.0294146 0.0410229 0.0219587 0.0213507 0.0207311 0.0207254 0.0206966 0.0198787 0.0198257 0.0385637 0.0225176 0.0295325 0.0223347 0.021169 0.0580717 0.0445513 0.0309879 0.0199562 0.0194302 0.0239802 0.0191828 0.0342145 0.0519438 0.0190643 0.0188414 0.0737709 0.0608447 0.0458759 0.0293113 0.0322822 0.0294523 0.0270581 0.0267303 0.0249344 0.0189379 0.0182198 0.0178179 0.0865984 0.0389589 0.0376352
threshold=-0.070962414145469652 0.035866761580109603 -0.11302770674228667 1.4110109210014345 0.15912364423274997 0.762974113225937 -1.6019088029861448 -1.317541718482971 -0.11020636558532713 -0.35609923303127283 0.92737284302711498 -0.086782068014144884 -0.09391747415065764 -1.2622523307800291 -0.083867233246564851 -0.2728616595268249 -0.065295092761516557 -0.089498363435268388 -0.040642961859703057 -1.4338033795356748 -0.12597607821226117 -0.059573810547590249 -0.052633151412010186 -0.099554691463708864 -0.081504818052053438 -0.09555040672421454 -0.31633085012435908 0.72452321648597728 2.3905125856399541 -0.10521250963211058 1.2381243705749514 0.16456679254770282 0.041086118668317802 -2.1312826871871944 -0.016231842339038845 -0.024557497352361676 -0.050810120999813073 -0.00867320643737912 -0.20635003596544263 -0.25693713128566736 0.078301053494215025 -0.049050461500883095 -0.12161209806799887 0.028059057891368869 -0.060847280547022813 -0.24475520849227902 1.6341814398765566 0.23274130374193194 0.14957227557897571 0.33851979672908789 -0.42187161743640894 0.10522660613059999 0.1007148250937462 0.043595923110842712 -1.6019088029861448 0.20768850296735766 -0.39777602255344385 0.33241109549999243 -0.22481030225753781 -0.097976874560117708 -0.074372958391904817 -2.3928365707397456 -0.24475520849227902
decision_type=2 2 2 2 2 2 2 2 2 2 2 2 2 2 2 2 2 2 2 2 2 2 2 2 2 2 2 2 2 2 2 2 2 2 2 2 2 2 2 2 2 2 2 2 2 2 2 2 2 2 2 2 2 2 2 2 2 2 2 2 2 2 2
left_child=1 2 20 5 11 59 7 29 -8 47 14 12 -5 -14 -11 28 -17 41 -18 -16 -1 -22 23 24 -6 -24 -13 -26 46 -7 -10 32 33 -21 35 -35 37 58 -38 -39 -33 -9 -43 44 45 -12 -15 48 51 -50 -49 -2 53 -53 -52 -51 -56 -58 -37 -4 61 62 -61
right_child=9 -3 3 4 22 6 8 17 30 10 43 26 13 15 19 16 18 -19 -20 31 21 -23 25 -25 27 -27 -28 -29 -30 -31 -32 40 -34 34 -36 36 38 39 -40 -41 -42 42 -44 -45 -46 -47 -48 50 49 55 54 52 -54 -55 56 -57 57 -59 -60 60 -62 -63 -64
leaf_value=-0.00081874382124714497 -0.00060806436865596162 -0.0024612222918164481 -0.00074784957850039524 -0.00062057039186800785 -0.0010630529374818997 7.1854172649355634e-05 -0.00081320880905042079 -0.0017431193929161037 -0.0012705044785615411 -0.00045148444568075775 -0.00064727441424264299 -0.001752379910952671 -0.0010253868111393086 8.0864974949050898e-05 -5.8630648899702905e-05 0.00016600914843200513 0.0017734582688884017 -0.0025244573009429771 0.0002716603774930164 -0.00034307926918587914 -0.00072325415749287041 -0.00039207963930175079 0.00041960984542372846 -0.0017021285411248244 -0.00089078057569631872 -0.00076146413172119103 -0.00070566594015505218 0.00040430422836727287 0.00035283008638842673 -0.0011776235169145804 -0.0025127575831018103 -0.0021289178973459971 6.5546973651622853e-05 -0.0010171572409429939 -0.0014299340845546134 -0.0017190840092565296 -0.00052996503973054988 -0.00050652797251239483 -0.0015070541615249036 0.0010199394267950206 -0.0010823866907429733 -0.0017286464373558142 -0.00023762284222795334 9.2946065899020833e-06 -0.00083492694713618366 0.0012415814442094093 -0.00073654149912453625 -0.00061863704943490713 -0.00035551260564345238 0.0013038482608793399 -0.0021401387519206657 -0.00095710168804196674 -0.0013244213642913433 -0.00015473495573321914 -0.0011342770478583002 -2.5538745344988066e-05 -0.00092094329629562803 -9.6962036529550351e-05 -0.00048322196186055246 0.0011295824854414367 -0.0010753680635244567 -0.00077141869708078053 -0.00055557932448854828
leaf_weight=738 15008 79 49939 1312 692 88 5761 364 77 593 98 84 111 106 83 375 75 110 51 144 804 1937 56 136 50 127 114 79 102 52 56 67 95 1916 326 62 321 58 182 78 141 52 54 209 349 57 214 2889 1054 84 50 319 303 177 614 71 162 121 56 51 2557 18373 92
leaf_count=738 15008 79 49939 1312 692 88 5761 364 77 593 98 84 111 106 83 375 75 110 51 144 804 1937 56 136 50 127 114 79 102 52 56 67 95 1916 326 62 321 58 182 78 141 52 54 209 349 57 214 2889 1054 84 50 319 303 177 614 71 162 121 56 51 2557 18373 92
internal_value=-0.000734635 -0.000760096 -0.00075849 -0.000767024 -0.000571844 -0.000776289 -0.000906923 -0.00148886 -0.000835718 -0.000650519 -0.000792783 -0.000414597 -0.000352161 -1.20287e-05 -0.000862117 0.000110017 0.000423913 -0.00175375 0.00117832 -0.00093118 -0.000559094 -0.00048918 -0.000922728 -0.00102376 -0.000910347 -0.000395716 -0.00115259 -9.49814e-05 -0.000264507 -0.000392065 -0.0018029 -0.000952387 -0.000921855 -0.000951946 -0.000981303 -0.00092635 -0.000696446 -0.000325264 -0.000884329 0.000375387 -0.00142453 -0.00156996 -0.000971492 -0.000392335 -0.000560034 5.55734e-05 -0.000464068 -0.000617531 -0.000594965 -0.000218679 -0.000717639 -0.000623777 -0.000918705 -0.000670176 -0.00101947 0.000703373 -0.00095551 -0.000567624 -0.00113536 -0.00076412 -0.000802674 -0.000765 5.42174e-05
internal_weight=110555 84868 84789 81310 3684 77626 6614 720 5894 25687 4835 2544 2346 1034 4122 923 501 580 126 3529 3479 2741 1140 957 821 183 198 129 422 140 133 3446 3238 3143 2999 2673 757 254 503 136 208 470 106 713 504 155 320 20852 17016 1209 3836 15807 799 496 947 155 897 283 118 71012 21073 18516 143
internal_count=110555 84868 84789 81310 3684 77626 6614 720 5894 25687 4835 2544 2346 1034 4122 923 501 580 126 3529 3479 2741 1140 957 821 183 198 129 422 140 133 3446 3238 3143 2999 2673 757 254 503 136 208 470 106 713 504 155 320 20852 17016 1209 3836 15807 799 496 947 155 897 283 118 71012 21073 18516 143
is_linear=0
shrinkage=1


Tree=1
num_leaves=64
num_cat=0
split_feature=2 8 5 6 8 6 4 8 7 7 6 4 5 5 5 7 8 0 7 7 7 8 2 8 4 5 2 5 6 4 6 8 2 6 2 0 2 8 4 4 0 5 7 2 4 8 0 2 8 4 2 8 7 2 8 2 4 7 8 7 2 5 5
split_gain=0.0844638 0.0701734 0.0525795 0.081189 0.0559988 0.0548137 0.0529727 0.0961339 0.0434463 0.0417679 0.0649151 0.041174 0.0535202 0.0418906 0.0378909 0.0298007 0.040882 0.0304412 0.0273525 0.026587 0.0273935 0.0294106 0.0269623 0.0295878 0.0253529 0.0250702 0.0242727 0.0238123 0.0221533 0.0211813 0.030572 0.0209394 0.0317101 0.0204015 0.0203799 0.020327 0.0201269 0.0193786 0.0570141 0.0259412 0.0566628 0.0544767 0.047831 0.0414696 0.0395203 0.0381908 0.0418147 0.0249961 0.0287884 0.027077 0.0271611 0.0292201 0.0236538 0.0242944 0.023353 0.023092 0.0521351 0.0392104 0.0411787 0.0222269 0.0216973 0.02009 0.0199007
threshold=-0.070831015706062303 0.035866761580109603 1.7927595376968386 1.0000000180025095e-35 -0.11280506476759909 -1.4935442209243772 0.762974113225937 -0.092885345220565782 -0.034634806215763085 -1.6019088029861448 -1.317541718482971 -0.35609923303127283 -0.74514764547348011 -0.81370273232460011 1.4304094910621645 2.3905125856399541 -0.094238884747028337 -0.096591342240571962 0.27369651198387152 0.95039188861846935 -1.6888583302497862 -0.083313193172216402 -0.064998067915439592 0.1007148250937462 0.082736108452081694 1.9376788139343264 -0.12245639786124228 -1.952785789966583 0.24319107085466388 -0.074372958391904817 -0.86502066254615773 0.16456679254770282 0.03326165862381459 -0.056872308254241936 -0.016286561265587803 -0.086171172559261308 -0.12098067253828047 -0.10930544137954711 -0.29746295511722559 -0.074372958391904817 -0.11666943877935408 -3.2899627685546871 1.168301582336426 -0.11783672124147414 0.17320434004068377 -0.099422831088304506 -0.11930144205689429 -0.1182785965502262 -0.10352418571710585 -0.37136250734329218 -0.12024101242423056 -0.10534773394465445 0.78233367204666149 -0.11737812682986258 -0.047234505414962762 -0.11428068578243254 -0.33239632844924921 -0.5926276147365569 -0.10302387177944182 0.68570628762245189 -0.12191095575690268 -0.89527738094329823 1.1383237838745119
decision_type=2 2 2 2 2 2 2 2 2 2 2 2 2 2 2 2 2 2 2 2 2 2 2 2 2 2 2 2 2 2 2 2 2 2 2 2 2 2 2 2 2 2 2 2 2 2 2 2 2 2 2 2 2 2 2 2 2 2 2 2 2 2 2
left_child=1 2 4 5 18 -4 26 9 -9 10 -8 -2 13 29 27 35 36 -18 -1 20 -14 -22 -21 28 31 -5 -6 -11 -24 -13 -31 32 34 -10 -23 -7 -17 38 59 41 43 -39 54 45 -44 -41 -47 48 49 -43 -51 -52 53 -45 -42 56 57 58 -49 -28 61 -40 -59
right_child=11 -3 3 25 6 15 7 8 33 14 -12 12 19 -15 -16 16 17 -19 -20 22 21 24 23 -25 -26 -27 37 -29 -30 30 -32 -33 -34 -35 -36 -37 -38 39 60 40 42 47 44 52 -46 46 -48 55 -50 50 51 -53 -54 -55 -56 -57 -58 62 -60 -61 -62 -63 -64
leaf_value=0.00018491077397465757 0.00011265020976416619 -0.00144850291717164 -0.00093318166189703062 0.00036687288831734776 -0.0001180002471906468 0.00033481658685462987 0.00049534097146772455 -0.0012674410687780382 0.0005809820654186686 -0.00096246816396564506 -0.00080519646287590058 -0.00033668621303944161 0.00097554772128205514 -0.0013406102434045783 -0.00085495351465763268 0.0006512220703315865 0.001424451779019848 0.00045061479661783854 -0.00011805465251543663 0.001116052450746984 0.00029291827273573968 -4.7267290913453815e-05 0.00024331960983848454 0.0010522532351743216 -0.0011997534536519353 -0.00080684883629415977 -8.8983672922309982e-05 -4.6919452942446342e-05 -0.00054865894738672326 0.00099699709580118698 -0.00034263379227226365 -0.00081925259468813524 0.0010019086016708409 -0.00075711719839781496 -0.00061004352338303851 -0.00046212610640478406 -0.00024199410224302618 0.0012898782779143404 0.00086869728105489678 7.1381421133992262e-06 -0.00023673851093761259 -0.00082626429007255609 -7.1268102312629719e-05 0.00066266167379016509 0.0010513475343941537 -0.0015531613182375784 3.9018397391946232e-05 0.00045332371565622303 0.00024137292406521739 3.1134304213290338e-05 -0.00024319432549824261 -0.0010068639356590121 0.0010267002606850525 1.7677044489124756e-05 -0.00082281113043246594 -1.9951292720126468e-05 -1.7239573243777593e-05 0.0002161533675797018 0.0021666823908801014 -0.00070601327588399329 0.00013206016637230431 -0.0001469815139601878 0.0011962515416261913
leaf_weight=4331 20951 85 76 57 6236 894 121 278 55 71 452 986 67 94 153 131 217 129 899 94 535 1874 359 86 52 215 4392 5238 116 77 93 94 67 57 175 87 120 79 50 2249 4408 174 202 231 127 84 80 93 379 898 1136 140 118 394 176 35125 3154 1308 56 150 8600 1077 53
leaf_count=4331 20951 85 76 57 6236 894 121 278 55 71 452 986 67 94 153 131 217 129 899 94 535 1874 359 86 52 215 4392 5238 116 77 93 94 67 57 175 87 120 79 50 2249 4408 174 202 231 127 84 80 93 379 898 1136 140 118 394 176 35125 3154 1308 56 150 8600 1077 53
internal_value=3.09817e-06 -2.09658e-05 -1.95169e-05 0.000238676 -2.55238e-05 0.00037035 -3.61981e-05 -0.000173683 -0.000933488 -0.000124436 -0.000530178 8.24685e-05 -5.01205e-05 -0.000331022 -8.17814e-05 0.000433682 0.000712024 0.00106372 0.000132821 4.97257e-05 -1.60344e-05 -4.01272e-05 0.000336849 0.000204534 -0.000118992 -0.000560442 -2.3784e-05 -5.93425e-05 4.91638e-05 -0.00024784 0.000266422 -9.30317e-05 -6.03987e-05 -0.000100689 -9.56067e-05 0.000263741 0.000224921 -1.4734e-05 3.6734e-05 -2.92299e-05 -0.000111427 -1.36566e-05 -0.000217605 5.38802e-05 0.000363955 -4.67263e-05 -0.000780959 -1.61091e-05 -0.000162524 -0.000227793 -0.000179536 -0.000327705 0.000380238 0.000256741 -0.000259415 -6.07048e-06 9.8449e-05 0.000339944 0.00110742 -0.000109512 0.000105027 -0.00010119 0.000255171
internal_weight=110555 84835 84750 1926 82824 1654 77594 6425 390 6035 573 25720 4769 1250 5462 1578 597 346 5230 3519 2864 2797 655 561 2262 272 71169 5309 475 1156 170 2210 2116 112 2049 981 251 64933 14269 50664 8069 42595 4913 3156 329 2413 164 42516 2727 2348 2174 1276 743 625 4584 39789 4664 1510 149 4542 9727 1127 1361
internal_count=110555 84835 84750 1926 82824 1654 77594 6425 390 6035 573 25720 4769 1250 5462 1578 597 346 5230 3519 2864 2797 655 561 2262 272 71169 5309 475 1156 170 2210 2116 112 2049 981 251 64933 14269 50664 8069 42595 4913 3156 329 2413 164 42516 2727 2348 2174 1276 743 625 4584 39789 4664 1510 149 4542 9727 1127 1361
is_linear=0
shrinkage=0.05


Tree=2
num_leaves=64
num_cat=0
split_feature=2 8 8 7 6 8 2 6 4 8 7 6 4 7 8 4 8 7 8 0 8 2 4 8 3 4 7 6 4 7 4 6 7 6 8 2 7 0 0 0 8 3 6 4 4 0 8 2 8 4 0 2 2 8 3 2 8 8 8 4 8 4 4
split_gain=0.0762308 0.0634102 0.0478554 0.0508129 0.0699134 0.0403635 0.0753003 0.048014 0.0402619 0.0913466 0.0409304 0.057463 0.0371574 0.0423548 0.0412414 0.0365044 0.0335026 0.030693 0.0225916 0.0266524 0.0370744 0.0224255 0.0359072 0.0256811 0.0220012 0.0227591 0.0217512 0.0279219 0.0200391 0.0199213 0.0188343 0.0177598 0.0218472 0.0178271 0.017448 0.0394707 0.0231923 0.0283862 0.021633 0.0196694 0.0179425 0.0240729 0.058183 0.0470422 0.0362754 0.0173421 0.0168409 0.0241802 0.0167808 0.016386 0.0162473 0.0697871 0.0426028 0.0403979 0.0384541 0.0356946 0.0356509 0.0226141 0.0195963 0.0167767 0.0528705 0.0158053 0.0172252
threshold=-0.070831015706062303 0.035866761580109603 -0.11302770674228667 1.4110109210014345 0.15912364423274997 -0.09391747415065764 -0.086658906191587434 -1.1560765504837034 0.762974113225937 -0.092885345220565782 -1.6019088029861448 -1.317541718482971 -0.35609923303127283 0.90348520874977123 -0.083867233246564851 0.061038520187139518 -0.072463653981685625 -0.034634806215763085 -0.052633151412010186 -0.099554691463708864 -0.082118220627307878 -0.064998067915439592 -0.26510636508464808 0.028059057891368869 -0.1258684694766998 -0.059573810547590249 2.3905125856399541 -0.49058879911899561 -0.28468017280101771 1.996112108230591 -0.35494089126586909 -0.096418574452400194 -1.9428517222404478 -0.3337335586547851 0.16456679254770282 0.03326165862381459 -2.1312826871871944 -0.016231842339038845 0.087156843394041075 0.049059141427278526 -0.024557497352361676 -0.050917262211441987 -0.00867320643737912 -0.20635003596544263 -0.25693713128566736 -0.095381312072277055 -0.11050162836909293 -0.12440126761794089 0.33851979672908789 -0.24475520849227902 0.23286531865596774 0.1495068892836571 0.33210733532905584 0.33851979672908789 0.20768850296735766 0.10444248467683794 0.1007148250937462 0.043595923110842712 0.072506658732891097 -0.40432931482791895 0.19312614947557452 -0.11975799873471259 -0.25968660414218897
decision_type=2 2 2 2 2 2 2 2 2 2 2 2 2 2 2 2 2 2 2 2 2 2 2 2 2 2 2 2 2 2 2 2 2 2 2 2 2 2 2 2 2 2 2 2 2 2 2 2 2 2 2 2 2 2 2 2 2 2 2 2 2 2 2
left_child=1 2 24 8 5 -5 7 -7 -4 10 11 -10 50 14 -14 26 -17 -11 19 20 -6 22 -15 -23 -1 -26 30 -28 -8 -22 -9 33 -33 -13 35 36 -16 40 -37 -36 -38 42 49 -43 -44 -20 -12 -48 -41 -42 51 55 58 -53 -55 -2 57 -57 -52 60 -58 62 -32
right_child=12 -3 3 4 18 6 28 15 9 17 46 31 13 21 34 16 -18 -19 45 -21 29 23 -24 -25 25 -27 27 -29 -30 -31 61 32 -34 -35 39 38 37 -39 -40 48 41 43 44 -45 -46 -47 47 -49 -50 -51 52 53 -54 54 -56 56 59 -59 -60 -61 -62 -63 -64
leaf_value=-7.9834873652929604e-05 0.00011722934414605649 -0.0013769200263913115 -2.3950415630348429e-05 0.00010629697729554378 -0.00030876786635375078 -9.9291930598270259e-05 -0.0008065538663415058 -4.7484866552387702e-05 0.00045137654782208514 -0.0011613461661833186 1.5834394574098209e-05 -0.00079164690051606061 0.00027590059139883988 0.00010677640795996734 0.0004213412593440137 0.00099775961273426716 0.0025609765389302853 -8.8202380919194022e-05 0.0010424242224455497 -0.000913964039431528 0.0012095006693301396 -4.5083433718927928e-05 0.0019349747420717761 0.00063948582691619564 4.9718513354950983e-06 0.00032099124850793782 0.0015374603793772161 0.00036054665989983069 0.0001670324184956509 -5.2203347508296161e-06 0.00051000886767414689 0.00042797778061539563 -0.00096750524951928058 -0.001814648201209767 -0.0014203405533667788 0.0013813248376310285 -0.00023891460623941954 -0.00065702526133463838 3.6325589437559568e-05 -0.00073177369990141245 -0.00099797604859552607 0.00021547202882319868 0.00022074105471498723 -0.0008020987498179587 0.0018773140959015826 4.9777013110929864e-06 -0.0011945518980924549 -0.00013514585916421656 0.00032795850000512166 0.0001850977528929001 0.00018893405012145926 0.0003808223676874997 0.00010094152605811136 0.0020004914692649044 0.00043787974850889859 -0.00020821966883346912 -0.0009346664392523963 0.00050001508776340627 -0.00042517485148795692 -0.0011214349910409914 0.00084508593295580688 -4.8373212563232165e-05 0.0012806794354316879
leaf_weight=735 15091 85 70958 1312 687 166 113 123 122 286 2960 292 590 57 151 108 51 87 58 136 66 401 50 207 807 1937 133 82 98 68 187 60 51 50 55 62 1924 319 57 96 54 313 59 177 75 127 54 2652 60 62 161 1056 3023 80 78 326 127 171 661 116 61 64 120
leaf_count=735 15091 85 70958 1312 687 166 113 123 122 286 2960 292 590 57 151 108 51 87 58 136 66 401 50 207 807 1937 133 82 98 68 187 60 51 50 55 62 1924 319 57 96 54 313 59 177 75 127 54 2652 60 62 161 1056 3023 80 78 326 127 171 661 116 61 64 120
internal_value=2.94321e-06 -1.99179e-05 -1.85406e-05 -2.63151e-05 0.000154711 0.000299945 0.000503764 0.000679325 -3.49491e-05 -0.000152926 -0.000107424 -0.000509 7.83461e-05 -4.76099e-05 -0.000110201 0.000828174 0.00151204 -0.000911947 -0.000170454 -0.000268235 -0.000160287 0.000306936 0.000971081 0.000188653 0.000163029 0.000228087 0.000672897 0.00109234 -0.000355712 0.000597603 0.000488508 -0.000768069 -0.000216104 -0.000946063 -0.000176024 -0.000147329 -0.000181352 -0.000211991 0.000742753 -0.00061564 -0.000158474 5.07118e-05 0.000448975 -0.000152984 0.00115497 0.000334087 -6.65884e-05 -0.00015672 -0.000324692 -0.000369466 0.000107018 0.000127892 1.41416e-05 0.000493137 0.00123668 9.99616e-05 -0.000225106 3.59734e-05 -0.00030481 -0.000650655 -0.000355778 0.000665859 0.000814428
internal_weight=110555 84835 84750 81271 3699 2557 1245 1034 77572 6614 6241 575 25720 4769 4054 868 159 373 1142 957 821 715 107 608 3479 2744 709 215 211 134 494 453 111 342 3464 3253 3134 2983 119 211 2664 740 250 490 134 185 5666 2706 156 116 20951 17106 3845 1214 158 15892 801 497 822 304 188 371 307
internal_count=110555 84835 84750 81271 3699 2557 1245 1034 77572 6614 6241 575 25720 4769 4054 868 159 373 1142 957 821 715 107 608 3479 2744 709 215 211 134 494 453 111 342 3464 3253 3134 2983 119 211 2664 740 250 490 134 185 5666 2706 156 116 20951 17106 3845 1214 158 15892 801 497 822 304 188 371 307
is_linear=0
shrinkage=0.05


Tree=3
num_leaves=64
num_cat=0
split_feature=1 8 8 7 5 6 5 6 8 2 7 6 2 8 6 7 6 6 8 1 5 7 5 2 7 8 5 6 1 5 1 5 8 3 7 7 7 6 7 6 2 8 6 8 7 8 5 5 8 2 2 8 1 1 5 8 7 1 8 7 6 3 3
split_gain=0.0699386 0.0703071 0.0432248 0.0440099 0.0895802 0.113145 0.0660568 0.0391741 0.045141 0.0679977 0.0377483 0.0415529 0.0334872 0.0334497 0.0344035 0.0326828 0.0277659 0.0271936 0.0304933 0.0246878 0.0242496 0.0328317 0.0282739 0.0237363 0.0220164 0.0216884 0.0215991 0.0205127 0.0204512 0.0202244 0.019919 0.0189854 0.0188517 0.0198826 0.035096 0.0171345 0.0165538 0.016445 0.018335 0.0322491 0.0159486 0.0159 0.0204401 0.0187846 0.0155719 0.0228984 0.0149269 0.0235638 0.0177787 0.0173709 0.0156995 0.0344541 0.0250842 0.0263771 0.0228674 0.022743 0.0289177 0.0277542 0.0452743 0.025715 0.0231812 0.023127 0.0231726
threshold=-0.070962414145469652 0.035866761580109603 -0.11302770674228667 1.4110109210014345 -0.56831294298171986 0.26167732477188116 0.061242088675498969 -1.4935442209243772 -0.09391747415065764 -0.086658906191587434 -1.9428517222404478 -1.3868452906608579 -0.10823940485715865 -0.09638380259275435 -0.032774124294519417 0.034132791683077819 0.22288361191749576 -0.54553592205047596 3.6497120857238774 -0.11559082940220831 2.1397550106048588 1.8436898589134219 1.502289950847626 -0.064998067915439592 0.71537512540817272 -0.045134969055652611 2.4052119255065922 1.3523883223533633 -0.12597607821226117 -0.96577441692352284 -0.11593616381287573 1.9376788139343264 -0.066435188055038438 -0.055184079334139817 -1.6888583302497862 0.92737284302711498 -1.9428517222404478 -1.1560765504837034 2.3905125856399541 -0.4265944212675094 -0.11850726976990698 -0.10549357905983923 -1.0119903087615965 -0.10352418571710585 -2.1312826871871944 -0.10402206331491469 1.7927595376968386 1.6821824312210085 -0.10895972326397894 -0.11392415314912795 -0.12203688174486159 -0.10930544137954711 -0.11861945316195487 -0.12202602624893187 -0.52466443181037892 -0.10743653401732443 -1.6888583302497862 -0.12338203191757201 -0.11050162836909293 -0.28897163271903986 0.72452321648597728 -0.12284245342016219 -0.123270645737648
decision_type=2 2 2 2 2 2 2 2 2 2 2 2 2 2 2 2 2 2 2 2 2 2 2 2 2 2 2 2 2 2 2 2 2 2 2 2 2 2 2 2 2 2 2 2 2 2 2 2 2 2 2 2 2 2 2 2 2 2 2 2 2 2 2
left_child=1 2 28 10 -5 7 -7 -6 20 37 11 -4 13 14 40 29 25 23 27 -15 21 41 -23 -17 -20 -14 46 -19 -1 32 -22 -8 -2 34 -34 -29 -31 -10 -39 -40 44 -9 -43 -44 45 -13 47 50 -48 -50 55 54 53 -53 -52 56 -12 58 -58 -59 61 62 -57
right_child=15 -3 3 4 5 6 31 8 9 -11 26 12 16 19 -16 17 -18 18 24 -21 30 22 -24 -25 -26 -27 -28 35 -30 36 -32 -33 33 -35 -36 -37 -38 38 39 -41 -42 42 43 -45 -46 -47 48 -49 49 -51 51 52 -54 -55 -56 60 57 59 -60 -61 -62 -63 -64
leaf_value=-7.8665549925220331e-05 0.00028444503625070673 -0.0015006432658992708 0.00033249992208800034 0.0015112142424939146 -0.00085066200804967114 0.00027008929542383887 -0.00055360626450556003 -0.00014527447484723676 0.00016844183972959095 -0.00031854336006760905 -0.0011722430804624194 -0.00022215592748883259 -9.3424659406196047e-05 -0.0021666698628013919 0.0006030703211486664 0.00073722502247404714 0.00074767314863259876 5.8793908178539165e-05 0.00032604927405420893 -0.00087253168601129243 0.00053987567260970089 5.2826305277495074e-05 -0.0010790271939532389 0.00022855334831503157 0.0015761947798493662 -0.00099260380560093958 -0.00081143026816955007 0.00043532918680122226 0.00021776769012993736 0.00074161811206194706 -0.00022809347396509518 -0.0014697382230744033 0.00020554993013299048 -0.00010624067271720303 -0.0010719283326561082 -8.7476872601943868e-05 4.5297864013901261e-05 0.00059895956641910545 0.0014680756954776279 0.00038867369865659967 -0.00011182801709027154 -0.00052146180904754963 0.0013263031209741409 0.00031835125319487905 -0.0015769670499394762 -0.0014506508848821146 0.0011608265837332091 -0.00058084216351381689 -0.00034827045623524958 0.00047826630857944458 0.00022374260934079351 0.00044856454133883366 -2.6172275159419412e-05 -0.0001702574164633594 2.7234314231972366e-05 0.00011801154958344504 1.9803943672752733e-05 -1.6785972678395679e-07 -0.00037891497784972919 -0.000270135468043089 0.00097407761552502695 0.00050047544489747716 -0.0010276479197774029
leaf_weight=738 268 79 215 115 75 283 602 286 134 201 61 119 319 50 68 253 77 8119 94 144 391 98 125 2393 56 84 87 671 2741 85 107 62 85 1875 144 204 11440 585 193 109 105 53 59 206 56 55 51 192 105 158 1674 178 44973 4572 12750 122 6045 1254 806 2973 91 174 68
leaf_count=738 268 79 215 115 75 283 602 286 134 201 61 119 319 50 68 253 77 8119 94 144 391 98 125 2393 56 84 87 671 2741 85 107 62 85 1875 144 204 11440 585 193 109 105 53 59 206 56 55 51 192 105 158 1674 178 44973 4572 12750 122 6045 1254 806 2973 91 174 68
internal_value=2.79864e-06 -1.90803e-05 -1.76822e-05 -2.50675e-05 0.000143766 9.92929e-05 -0.000368895 0.000268467 0.000301742 0.000520805 -3.30817e-05 -0.000300982 -0.000427635 -0.000677327 -0.000415901 7.5083e-05 -0.000116317 0.000136311 9.54437e-05 -0.00121547 9.94674e-05 -6.655e-05 -0.000583605 0.000277451 0.000800118 -0.00028284 -2.85435e-05 8.36037e-05 0.000154881 2.3132e-05 0.000374744 -0.00064123 -0.000109795 -0.000160123 -0.000598923 0.00031348 5.04973e-05 0.000686194 0.000764134 0.00108106 -0.000623917 0.000124999 0.000367768 0.000546906 -0.0008562 -0.000616544 -2.76396e-05 -2.90641e-05 0.000315843 0.000148211 -2.76577e-05 -1.79792e-05 -3.77155e-05 -0.000146978 5.00543e-05 -8.12002e-05 -9.53611e-05 -8.9326e-05 -2.71526e-05 -0.000190065 0.000264926 8.54546e-05 -0.000295248
internal_weight=110555 84868 84789 81310 3684 3569 947 2622 2547 1222 77626 1292 1077 597 403 25687 480 11790 9144 194 1325 827 223 2646 150 403 76334 8994 3479 13897 498 664 2372 2104 229 875 11525 1021 887 302 335 604 318 265 230 174 76247 75933 314 263 75741 64147 49723 4750 14424 11594 11139 11078 6851 4227 455 364 190
internal_count=110555 84868 84789 81310 3684 3569 947 2622 2547 1222 77626 1292 1077 597 403 25687 480 11790 9144 194 1325 827 223 2646 150 403 76334 8994 3479 13897 498 664 2372 2104 229 875 11525 1021 887 302 335 604 318 265 230 174 76247 75933 314 263 75741 64147 49723 4750 14424 11594 11139 11078 6851 4227 455 364 190
is_linear=0
shrinkage=0.05


Tree=4
num_leaves=64
num_cat=0
split_feature=1 8 8 7 5 7 0 8 5 1 2 8 5 7 5 7 5 7 5 0 8 8 2 5 2 1 2 7 2 8 8 8 5 2 8 1 0 8 5 5 5 8 5 3 0 3 8 8 5 7 5 8 0 2 2 8 0 7 7 8 7 5 7
split_gain=0.0631343 0.0635364 0.0391071 0.0413846 0.0808675 0.0332816 0.0360948 0.0470344 0.0341563 0.0330609 0.0326507 0.0564429 0.0327039 0.0332687 0.0311748 0.0295036 0.0283897 0.0275437 0.0268862 0.0280658 0.0297454 0.0247343 0.0241862 0.0236294 0.0224377 0.030461 0.0296519 0.0589966 0.0210626 0.0355903 0.0210126 0.0203338 0.0193539 0.0184489 0.0186301 0.0214965 0.0375014 0.0249633 0.0212816 0.0182568 0.0182561 0.0170198 0.019085 0.0317026 0.0160483 0.0420698 0.050864 0.0350574 0.0250158 0.0248238 0.0200273 0.0163679 0.0160374 0.0159324 0.0156887 0.0200541 0.0161638 0.0154454 0.0153927 0.0153534 0.0153112 0.015232 0.0149593
threshold=-0.070962414145469652 0.035866761580109603 -0.11264654248952864 1.4110109210014345 -0.56831294298171986 -1.9428517222404478 -0.10826644673943518 -0.09638380259275435 -3.2899627685546871 -0.091661851853132234 -0.086658906191587434 -0.083867233246564851 2.1397550106048588 1.8436898589134219 -0.072631929069757448 0.034132791683077819 -0.77898690104484547 0.27369651198387152 3.5138276815414433 -0.1019475758075714 -0.094238884747028337 3.6497120857238774 -0.066870775073766694 0.46272061765193945 -0.09849135577678679 -0.087360516190528856 -0.10119315609335898 2.3905125856399541 -0.11633542552590369 -0.10464121773838995 -0.049096835777163499 -0.020915925502777096 2.4052119255065922 -0.12245639786124228 -0.10930544137954711 -0.12202602624893187 -0.12133597210049628 -0.10521250963211058 -0.52466443181037892 -0.96577441692352284 1.5844851732254031 -0.066435188055038438 -3.2899627685546871 -0.055184079334139817 -0.11789363995194434 -0.11671824380755423 -0.1062805689871311 -0.094238884747028337 -0.99182000756263722 0.34282203018665319 -1.1176068782806394 -0.1047849804162979 -0.11727088317275046 -0.1257664933800697 -0.12256105616688727 -0.11243773996829985 -0.12321892008185385 -1.6888583302497862 2.1639128923416142 -0.024557497352361676 0.1379470303654671 -0.36972118914127344 -1.9428517222404478
decision_type=2 2 2 2 2 2 2 2 2 2 2 2 2 2 2 2 2 2 2 2 2 2 2 2 2 2 2 2 2 2 2 2 2 2 2 2 2 2 2 2 2 2 2 2 2 2 2 2 2 2 2 2 2 2 2 2 2 2 2 2 2 2 2
left_child=1 2 17 5 -5 6 7 -4 9 -8 11 12 13 -6 -15 39 -9 -1 19 20 28 22 31 -16 26 -26 -13 -28 29 -14 -10 -17 33 54 38 -36 37 -37 -35 41 -25 -2 -43 59 47 46 49 48 50 60 -38 52 61 -19 55 56 -7 -57 -24 -44 -46 -48 -41
right_child=15 -3 3 4 10 32 8 16 30 -11 -12 24 18 14 23 21 -18 53 -20 -21 -22 -23 58 40 25 -27 27 -29 -30 -31 -32 -33 -34 34 35 36 44 -39 -40 62 -42 42 43 -45 45 -47 51 -49 -50 -51 -52 -53 -54 -55 -56 57 -58 -59 -60 -61 -62 -63 -64
leaf_value=0.00014815074666602008 0.00027027567171547512 -0.0014265491114929319 -0.0002566914462025921 0.0014363049064333357 5.3056948755364109e-05 -0.00018215625863065394 0.0015826360213977153 -0.00081168195311346757 2.5725537757530402e-05 -0.00013981935844640248 -0.00041570912545062634 0.00047483717999983381 0.00021753491774589829 0.00063246965883225793 -0.001294348285922421 0.00033908592180653733 -0.0021716351909608599 -0.00051380482199725973 -0.00023591058733986954 -0.00065422325321432093 0.0014564300709070616 0.0007063402100501181 9.3643301906861582e-05 -0.00012259611607155969 5.6687463618782018e-05 0.0013553101619917845 0.00038679745470079175 0.0026072903390740977 -0.00021939223524361084 0.0013477299604363628 -0.00074858461450902792 0.0013593555337542461 -0.00077131978634332142 0.00018838295105439424 0.00029106399195152335 -0.00028812727313990561 -0.00027651132287599066 -0.0011581098823635241 6.1450755823865778e-06 0.00070496841987289041 -0.00078249336322329236 0.00053309915007029656 -0.0010217534132337485 -0.00011649838073761623 -0.00010648494432205273 -3.4773853948505191e-05 0.0018011394621916461 -0.0011689739759999495 -6.3799932560672622e-05 0.00028389238986925249 -0.0010624996358229051 0.00032590129448689577 0.00035148692736402154 -3.3126375132523807e-05 -0.00043600855888360545 -0.0008592181677251296 -0.00064894201323830553 -4.6491327652926152e-05 0.00044831483317899433 -7.2720036841928957e-05 -0.00069735575336275421 0.00074397076209021574 4.3033182422703421e-05
leaf_weight=5385 268 79 515 115 1025 811 60 166 332 51 287 382 201 62 87 530 50 210 183 50 80 182 10711 256 395 50 68 53 101 106 118 53 87 1825 499 456 417 100 13061 85 177 96 154 1795 536 42142 53 77 4609 365 100 725 124 943 335 58 240 6424 314 59 137 100 11440
leaf_count=5385 268 79 515 115 1025 811 60 166 332 51 287 382 201 62 87 530 50 210 183 50 80 182 10711 256 395 50 68 53 101 106 118 53 87 1825 499 456 417 100 13061 85 177 96 154 1795 536 42142 53 77 4609 365 100 725 124 943 335 58 240 6424 314 59 137 100 11440
internal_value=2.65729e-06 -1.81301e-05 -1.68011e-05 -2.66168e-05 0.000137091 -3.46927e-05 -0.000286158 -0.000517428 1.55787e-05 0.000797055 9.47664e-05 0.000139601 7.10923e-06 -0.000118415 -0.00041998 7.13354e-05 -0.00113504 0.000100666 0.000286661 0.000464521 0.000580249 0.000129509 0.000120405 -0.000546437 0.000464609 0.000205312 0.000693146 0.00137281 0.000405308 0.000610874 -0.000178525 0.000434007 -3.02554e-05 -2.9364e-05 -2.06514e-05 -3.51569e-05 -3.84222e-05 -0.000446397 2.84983e-05 2.19757e-05 -0.000393528 -0.00010432 -0.00015214 -0.00018515 -3.382e-05 -2.40374e-05 0.000197663 -0.00011687 -0.000100841 -4.76544e-05 -0.000430298 0.000451588 0.000778196 -0.000121043 -0.000101691 -8.67675e-05 -0.000289264 -5.38949e-05 0.000103784 -0.000760444 -0.000227622 0.0011195 4.79759e-05
internal_weight=110555 84868 84789 78251 3678 74573 1292 731 561 111 3563 3276 2328 1607 582 25687 216 6538 721 538 488 11790 11608 520 948 445 503 121 408 307 450 583 73281 73194 65326 50440 49941 556 14886 13897 433 2372 2104 2008 49385 44182 2040 5203 5126 1038 517 1002 277 1153 7868 7533 1051 6482 11025 213 673 153 11525
internal_count=110555 84868 84789 78251 3678 74573 1292 731 561 111 3563 3276 2328 1607 582 25687 216 6538 721 538 488 11790 11608 520 948 445 503 121 408 307 450 583 73281 73194 65326 50440 49941 556 14886 13897 433 2372 2104 2008 49385 44182 2040 5203 5126 1038 517 1002 277 1153 7868 7533 1051 6482 11025 213 673 153 11525
is_linear=0
shrinkage=0.05


Tree=5
num_leaves=64
num_cat=0
split_feature=2 8 5 6 6 5 8 6 0 8 3 1 2 1 5 8 8 5 6 8 0 8 5 6 5 5 6 2 8 1 5 6 8 2 0 3 8 8 1 8 0 0 8 3 8 5 5 0 8 5 1 6 8 2 5 6 8 8 8 8 0 2 8
split_gain=0.0544694 0.0438456 0.0421057 0.0749917 0.0317609 0.0291422 0.0284751 0.0272438 0.0374958 0.0402429 0.0278287 0.0270231 0.0641415 0.0428146 0.029123 0.0277422 0.0247323 0.0245986 0.0230403 0.0224345 0.0507072 0.0288511 0.0220268 0.0645275 0.0767185 0.0274771 0.0449865 0.0218769 0.025434 0.0229745 0.0438654 0.0212175 0.0279326 0.027406 0.0254493 0.0242416 0.0228821 0.0205404 0.019623 0.0193018 0.0195571 0.0192431 0.0186765 0.018574 0.0170942 0.0170345 0.0168107 0.0162531 0.0160902 0.0158052 0.0155619 0.016436 0.0194487 0.0219134 0.0153439 0.0152417 0.0151118 0.0148414 0.0286833 0.021789 0.0146763 0.0146064 0.0144469
threshold=-0.057871183380484574 0.085787203162908568 2.1397550106048588 -0.096418574452400194 -1.4935442209243772 2.7914083003997807 -0.11302770674228667 -1.4935442209243772 -0.107265867292881 -0.10318308323621748 -0.10271917656064032 0.23274130374193194 0.33210733532905584 0.17337615787982943 0.27654723823070532 0.1007148250937462 0.052170511335134513 -1.952785789966583 -0.66327500343322743 -0.030950905755162236 -0.09103612974286078 -0.084437955170869813 -1.0511502623558042 0.074164465069770827 -2.1128269433975215 -0.93958014249801625 0.37033221125602728 -0.12203688174486159 -0.10930544137954711 -0.12338203191757201 1.5844851732254031 -0.98428755998611439 -0.10549357905983923 -0.084442280232906328 -0.11789363995194434 -0.083706323057413087 -0.10010383650660513 -0.11113031953573226 -0.10555740073323248 -0.1109998971223831 -0.12219534814357756 -0.12483904883265494 0.42638093233108526 -0.10128446295857428 -0.06406471878290175 -2.3250278234481807 -0.96577441692352284 -0.12314338982105254 -0.10688081383705138 -0.89527738094329823 0.10517293959856035 -1.3868452906608579 -0.0047129737213253966 0.040753694251179702 -2.6549892425537105 -0.84405264258384693 -0.054225733503699296 0.22849254310131076 0.16456679254770282 0.27492931485176092 -0.12506384402513501 -0.12360767275094985 -0.11027370393276213
decision_type=2 2 2 2 2 2 2 2 2 2 2 2 2 2 2 2 2 2 2 2 2 2 2 2 2 2 2 2 2 2 2 2 2 2 2 2 2 2 2 2 2 2 2 2 2 2 2 2 2 2 2 2 2 2 2 2 2 2 2 2 2 2 2
left_child=1 2 6 4 -4 -5 -1 8 9 49 -10 13 16 14 15 54 -13 -12 50 20 21 -6 23 31 -25 26 46 29 -29 37 39 32 -9 -34 36 45 -33 60 -23 40 -31 62 57 -40 -37 -36 -24 -41 -43 -8 51 -16 56 -54 -2 -49 -53 58 -15 -59 -27 -50 -39
right_child=11 -3 3 5 19 -7 7 22 10 -11 17 12 -14 42 18 -17 -18 -19 -20 -21 -22 38 25 24 -26 27 -28 28 -30 30 -32 34 33 -35 35 44 -38 41 43 47 -42 48 -44 -45 -46 -47 -48 55 61 -51 -52 52 53 -55 -56 -57 -58 59 -60 -61 -62 -63 -64
leaf_value=0.00011702251697431871 0.00081293670920596056 -0.0013710874661531612 -0.00058187518473684359 -0.0001970857496349641 0.00039182234673859249 -0.0015290548618354682 0.00045815239209025504 0.00015619450442563032 0.0018316329666869899 -0.0010428882071670765 -0.00014628723518221595 0.00026570268009241509 5.9159022079503929e-05 0.0003103240256092587 -0.0003932656386380338 -0.00021927093449084154 -0.00053189911112171823 0.0010094235117579064 0.00012561520751533414 0.0013178114550250379 -0.00041005341900017815 0.0018409485008737262 5.4635439978991963e-06 0.002163731577560871 0.00019792590394817212 -0.00018837147867951161 0.0011976528132800013 4.2712683333723258e-05 -3.3377685956587385e-05 -0.0002514470493284367 0.00095048802094035122 -0.00042526496346188028 -0.00030580631246713012 0.00026670873832017604 -0.00052167185590224104 -0.0008741534303300766 -0.0014994826094238615 -9.2094396350675848e-05 8.3403470039012894e-05 -0.00059804888285779913 -0.00080916724515364398 -0.00029492135218640853 0.0011376303665615111 0.0011906249518372589 -0.00023180970789656963 -3.1005179378874261e-05 0.00044139855346307893 -0.00061448439590486824 -0.00018637694512427835 -0.00030286879991763276 -0.00032165152279817514 0.00059123254932657307 0.0011282107289488441 0.00029306278246143199 5.3711152694901436e-05 1.8029607085654421e-05 6.5252564388629261e-05 -0.00082432846161359288 0.001200299428037236 0.00036859969734513297 4.7802088736449443e-05 0.00086947318729271189 0.00098085136871367442
leaf_weight=3475 66 59 76 107 652 66 236 897 50 74 81 111 3054 462 54 984 751 105 3992 72 159 58 866 55 439 771 104 13926 51942 2506 83 819 1142 255 199 182 52 68 62 133 167 1336 87 97 241 1532 296 101 73 95 70 260 201 130 9990 1437 287 58 112 108 4446 58 57
leaf_count=3475 66 59 76 107 652 66 236 897 50 74 81 111 3054 462 54 984 751 105 3992 72 159 58 866 55 439 771 104 13926 51942 2506 83 819 1142 255 199 182 52 68 62 133 167 1336 87 97 241 1532 296 101 73 95 70 260 201 130 9990 1437 287 58 112 108 4446 58 57
internal_value=-3.01278e-06 -1.99086e-05 -1.9004e-05 0.000258124 0.000401189 -0.000711103 -2.32408e-05 -2.89883e-05 0.000295493 3.17758e-06 0.000795007 6.99341e-05 -4.83785e-05 9.74137e-05 7.93029e-05 3.39746e-05 -0.000429003 0.000508039 0.000179481 0.000469576 0.000408944 0.000559094 -3.14625e-05 -0.000125363 0.00042072 -2.4496e-05 0.000206461 -2.82908e-05 -1.729e-05 -9.27722e-05 -0.000181429 -0.00017615 -6.14364e-05 -0.000201187 -0.000263094 -0.000170735 -0.000491043 -3.51123e-05 0.00105758 -0.00020327 -0.000286581 -0.000192259 0.000448028 0.000762098 -0.000509594 -8.76821e-05 0.000116795 -6.99099e-05 -0.000243054 0.000239478 0.000393746 0.000447765 0.00049988 0.000802078 5.87745e-05 -2.38797e-05 0.000315884 0.000365527 0.000485763 -5.06468e-05 1.28695e-05 0.000284144 0.00040107
internal_weight=110484 89707 89648 1349 1176 173 88299 84824 641 405 236 20777 3916 16861 16034 11040 862 186 4994 1100 1028 869 84183 5813 494 78370 1266 77104 65868 11236 4427 5319 2294 1397 3025 2154 871 6809 217 4344 2673 1592 827 159 423 1731 1162 1671 1467 331 1002 932 878 331 10056 1538 547 740 574 166 5217 131 125
internal_count=110484 89707 89648 1349 1176 173 88299 84824 641 405 236 20777 3916 16861 16034 11040 862 186 4994 1100 1028 869 84183 5813 494 78370 1266 77104 65868 11236 4427 5319 2294 1397 3025 2154 871 6809 217 4344 2673 1592 827 159 423 1731 1162 1671 1467 331 1002 932 878 331 10056 1538 547 740 574 166 5217 131 125
is_linear=0
shrinkage=0.05


Tree=6
num_leaves=64
num_cat=0
split_feature=1 7 4 4 5 6 0 6 1 4 1 5 5 4 7 4 7 6 5 6 4 6 4 5 5 5 7 1 6 0 5 5 1 4 6 0 2 4 0 6 1 4 1 7 4 1 0 0 6 4 4 7 4 7 4 1 6 6 6 4 4 6 4
split_gain=0.0499235 0.0413481 0.0286836 0.0284079 0.0312057 0.0643606 0.0372388 0.0296628 0.0271935 0.0449881 0.0389847 0.030856 0.023707 0.0229395 0.0225035 0.0382367 0.021845 0.0512124 0.0531762 0.0448414 0.0372619 0.0435661 0.0272722 0.0258211 0.0238483 0.022934 0.100144 0.0360279 0.0266095 0.0246406 0.0215365 0.0277853 0.0215259 0.0304825 0.0227009 0.0214744 0.0280148 0.0207655 0.020179 0.0335176 0.0207158 0.0190982 0.0190505 0.0181987 0.0180741 0.0171673 0.0233229 0.0165112 0.0160239 0.0157292 0.0185988 0.0150099 0.0464086 0.0177452 0.0196481 0.0149906 0.0149649 0.0164202 0.0260765 0.0231603 0.0290045 0.0196702 0.0161424
threshold=-0.070962414145469652 2.1639128923416142 -0.3875755369663238 -0.42347498238086695 2.1397550106048588 -0.13403402268886563 -0.09103612974286078 -1.317541718482971 0.23274130374193194 -0.42187161743640894 0.17337615787982943 -0.93958014249801625 2.4052119255065922 -0.39393861591815943 0.92737284302711498 -0.3197921067476272 -0.9395286738872527 0.21373178809881213 -1.2700496315956114 -1.4935442209243772 0.86694911122322094 -1.1560765504837034 0.98849260807037365 -0.07732000574469565 -1.0511502623558042 -0.79639586806297291 0.32083253562450414 -0.076017841696739183 1.2827029228210451 -0.11242851987481116 -0.71238541603088368 -0.41066755354404444 -0.11577823758125304 0.17320434004068377 -0.34160308539867396 -0.016231842339038845 -0.010086226277053354 1.060872554779053 -0.087782211601734147 1.3892247676849367 -0.090698987245559679 -0.33382585644721979 -0.080838203430175767 -0.9395286738872527 0.20287337154150012 0.041800031438469894 0.0046166533138602981 -0.1218595691025257 -1.3868452906608579 -0.16825100034475324 0.31508308649063116 0.78233367204666149 -0.4184106290340423 0.57050311565399181 -0.41974923014640803 -0.089659687131643281 -1.317541718482971 -0.28161232173442835 -0.3337335586547851 -0.36412154138088221 0.92536947131156932 0.25242431461811071 -0.38164426386356348
decision_type=2 2 2 2 2 2 2 2 2 2 2 2 2 2 2 2 2 2 2 2 2 2 2 2 2 2 2 2 2 2 2 2 2 2 2 2 2 2 2 2 2 2 2 2 2 2 2 2 2 2 2 2 2 2 2 2 2 2 2 2 2 2 2
left_child=3 2 8 -1 16 6 7 44 10 -10 45 -12 14 -11 35 -16 17 19 -19 37 32 -22 -23 24 -24 26 27 56 29 -28 47 -32 49 -34 55 -4 43 -5 40 42 -20 -31 -40 -37 -6 46 51 -26 -38 -21 -51 53 -53 -2 -55 -35 -18 58 62 -59 61 -61 -58
right_child=1 -3 12 4 5 -7 -8 -9 9 13 11 -13 -14 -15 15 -17 25 18 38 20 21 22 23 -25 30 -27 28 -29 -30 41 31 -33 33 34 -36 36 48 -39 39 -41 -42 -43 -44 -45 -46 -47 -48 -49 -50 50 -52 52 -54 54 -56 -57 57 59 -60 60 -62 -63 -64
leaf_value=-0.0010210170972359395 9.8694016206937729e-05 0.00057748364687391571 4.4581237411436781e-06 0.00012562052037295263 0.00023831682935906431 -0.00064696500649406114 -0.00032776577084782398 0.00060973241836893572 5.5785004319814128e-05 -0.00046998328610051718 0.0015566734979896161 0.00038372588283117255 -0.00089365183155631466 0.00047609521593393523 -2.2825293148182916e-05 0.00068968602852642299 0.00032382524437246467 0.001644048144070049 0.00011033233008153239 0.00044229949756483596 8.9231931388114257e-05 -0.0015931939681880732 -0.00067504656034180128 -0.0016169870461179119 -0.00019190891404602544 -2.3334773803208515e-05 0.00016912776458321524 -0.00095212916087519426 0.0017930496494955152 0.00023925696418532259 -0.0011036065020339771 0.00028158275154800937 -0.00014500292986298398 -0.00052254808321288316 -0.001198623514906301 -2.7400266924515777e-05 0.00069189697580009514 0.0009680829233776919 -0.0010627435022510518 0.00076904374335119328 0.0010909765942155251 0.0013656898641024036 -4.0219538927236241e-05 -0.0009762239831081174 -0.00092679854395671512 7.8381716488028308e-06 0.00030871237598635652 0.00084006427041707844 -0.00014763682568209275 -0.00026570194978099292 0.00019422601408633736 -0.0013350570889087976 2.7117787667215334e-05 -0.00039431606360267328 0.00055176303178996024 0.00040023031413931261 0.00047707551943625354 -0.00039492353837746776 -0.00085953898395688924 0.00062213018167757862 -0.00065582121639246385 5.8380553522644136e-05 -4.591685356324321e-05
leaf_weight=70 6491 377 5446 299 95 181 163 792 2881 673 61 605 77 70 530 291 425 55 1420 202 281 66 542 52 82 71476 140 92 63 53 89 60 2412 293 114 72 58 96 113 52 55 133 76 169 50 3551 1631 72 1564 459 420 71 475 63 394 51 155 136 94 420 69 245 2721
leaf_count=70 6491 377 5446 299 95 181 163 792 2881 673 61 605 77 70 530 291 425 55 1420 202 281 66 542 52 82 71476 140 92 63 53 89 60 2412 293 114 72 58 96 113 52 55 133 76 169 50 3551 1631 72 1564 459 420 71 475 63 394 51 155 136 94 420 69 245 2721
internal_value=-2.8589e-06 5.84197e-05 5.06233e-05 -2.12933e-05 -2.04567e-05 0.000224359 0.000368189 0.000489477 8.77429e-05 -3.37086e-05 0.000120732 0.000493331 -2.61137e-05 -0.000380331 -1.77883e-05 0.000230253 -2.42114e-05 -0.00010646 0.000127795 -0.000180685 -0.000219746 -0.0004583 -0.000617994 -0.000544546 -0.000476716 -1.62671e-05 9.01568e-05 2.14433e-05 0.000857755 0.000672077 -0.000120894 -0.000547654 -0.000144539 -0.000216145 -0.000589671 -4.56778e-05 -0.000192161 0.000332298 7.82682e-05 -0.000345001 0.000147613 0.00104771 -0.000653946 -0.000694043 -0.000167043 0.000101118 0.000137413 0.000292879 -0.000117209 4.55943e-05 -4.59702e-05 0.000100095 -0.000152132 0.000119935 0.000420765 -0.000384977 4.26624e-05 1.14679e-05 -4.45029e-05 0.000202372 0.00031343 0.000414832 -1.75745e-05
internal_weight=110484 25550 25173 84934 84864 1281 1100 937 16966 3624 13342 666 8207 743 8130 821 83583 7361 1771 5590 5195 1244 963 897 845 76222 4746 4357 389 326 303 149 3951 2870 458 7309 1863 395 1716 241 1475 186 189 241 145 12676 9125 154 1622 1081 879 7494 546 6948 457 344 4265 3840 2970 870 734 665 2876
internal_count=110484 25550 25173 84934 84864 1281 1100 937 16966 3624 13342 666 8207 743 8130 821 83583 7361 1771 5590 5195 1244 963 897 845 76222 4746 4357 389 326 303 149 3951 2870 458 7309 1863 395 1716 241 1475 186 189 241 145 12676 9125 154 1622 1081 879 7494 546 6948 457 344 4265 3840 2970 870 734 665 2876
is_linear=0
shrinkage=0.05


Tree=7
num_leaves=64
num_cat=0
split_feature=3 8 5 6 6 7 8 8 4 8 8 7 7 5 7 6 4 7 3 2 2 5 2 8 3 5 6 2 8 7 6 5 4 6 6 8 3 4 5 3 8 8 4 6 6 8 3 3 3 3 4 7 5 7 6 4 4 5 4 2 3 6 5
split_gain=0.0454361 0.066421 0.0331698 0.0398203 0.0338604 0.0291688 0.0318228 0.0260184 0.0246048 0.0291913 0.0270291 0.0298616 0.0266524 0.0318444 0.0280311 0.0249496 0.024305 0.0227778 0.02265 0.0424762 0.0269897 0.0376252 0.035485 0.02499 0.0226261 0.0222884 0.0219489 0.0306344 0.0335015 0.0286808 0.0595502 0.0650268 0.0298508 0.0661518 0.0350008 0.0257359 0.0255902 0.0352809 0.024423 0.0243661 0.0228603 0.0212466 0.0211054 0.020351 0.0197144 0.0194636 0.0263867 0.0193899 0.0191081 0.0336162 0.0209905 0.0271027 0.0190536 0.0837746 0.0252834 0.0210477 0.0185444 0.0177836 0.0176308 0.0169335 0.0239772 0.0166093 0.0164698
threshold=-0.073461573570966707 0.035866761580109603 1.7927595376968386 1.0000000180025095e-35 -1.317541718482971 2.3905125856399541 0.0620041061192751 -0.11302770674228667 -0.35609923303127283 0.16456679254770282 0.072506658732891097 -0.36409978568553919 -2.3928365707397456 -0.74514764547348011 -1.5249323248863218 -1.4338033795356748 -0.32144843041896815 2.3905125856399541 0.23323577642440799 0.33210733532905584 0.1495068892836571 -1.0511502623558042 0.10444248467683794 0.1007148250937462 -0.087822180241346345 2.4052119255065922 -1.4935442209243772 -0.10722655057907103 -0.10302387177944182 -0.9395286738872527 -0.040577065199613564 -1.8254202604293821 0.11822596192359926 -0.27429284155368799 -1.1747296452522276 -0.10895972326397894 -0.089617881923913942 -0.10742916911840437 -1.952785789966583 -0.11529008671641348 -0.1047849804162979 0.043595923110842712 -0.009051359258592127 0.45888869464397436 0.37033221125602728 -0.094238884747028337 -0.098270233720540986 -0.091541975736618028 -0.045466186478734009 -0.055184079334139817 -0.30348330736160273 -0.64242270588874806 -0.77898690104484547 0.33533568680286413 0.67780110239982616 0.23722944408655169 -0.36412154138088221 0.26971811056137091 -0.081096570938825593 -0.097012266516685472 -0.10902725160121916 0.82316851615905773 -1.4163666367530821
decision_type=2 2 2 2 2 2 2 2 2 2 2 2 2 2 2 2 2 2 2 2 2 2 2 2 2 2 2 2 2 2 2 2 2 2 2 2 2 2 2 2 2 2 2 2 2 2 2 2 2 2 2 2 2 2 2 2 2 2 2 2 2 2 2
left_child=1 2 7 4 58 8 -7 -1 18 10 12 62 -10 15 -15 -14 -16 24 20 41 22 -22 -2 -24 47 42 27 28 -9 30 32 -32 -28 34 40 -35 37 -29 -36 57 -34 -20 43 44 -18 -19 -47 -6 49 50 -17 -52 53 -31 55 -55 -8 -33 -4 60 -5 -45 -12
right_child=5 -3 3 59 17 6 56 26 9 -11 11 -13 13 14 16 48 25 45 19 -21 21 -23 23 -25 -26 -27 29 36 -30 52 31 39 33 35 38 -37 -38 -39 -40 -41 -42 -43 -44 61 -46 46 -48 -49 -50 -51 51 -53 -54 54 -56 -57 -58 -59 -60 -61 -62 -63 -64
leaf_value=0.00010984251133655855 9.6558519197954601e-05 -0.0014698125190643853 0.00014959378192361329 -0.00047426878537821311 0.00022542115304718328 -0.00012873226796477656 0.00059607933156657965 0.00022900576296240439 0.00080625803275938008 -0.00057232578946339206 0.00070487203376143489 0.0011722346395668566 0.00064906361713208476 0.0011728498342848731 -0.00017835808236140303 -0.00082857297295881201 0.00021964048957212988 0.00027496806451615625 0.00028175200688275632 4.9520013948968005e-05 0.0014193597671298965 0.00025421639813462388 -3.1065025250427429e-05 -0.00061459026184496762 -0.00059323038411093884 -0.00086418235973567421 -0.00011430757205047807 0.00054960263082339401 -0.00096204269607874779 9.8611206153555237e-06 0.0018133964744299861 0.00036359585937442907 0.00032008875401726882 -0.0001931927640301486 -0.00076824323449602421 -0.0013838375056744411 -0.00018786214564417333 0.0021684195506203848 -0.00027628538522302197 -9.5949608490750163e-05 -0.00040459730386010621 -0.00045728163583038956 -0.00060827335915034737 -0.00047286603373290098 0.0011323127670273667 0.0012387832430513441 0.00027104831909538306 0.0012325754540392618 -0.00062063323675743038 0.00045160668294276832 -0.00039420782899200003 0.00078457440134419216 -2.9860067988509962e-05 0.00021374589586312969 0.0013085157696176403 0.0012528916774093748 0.0016757922692825864 -0.0001968418948135928 -0.00078135734802344816 -0.0011689335842405583 0.00074846397971136953 0.00015243633217700147 -0.00041436017213744071
leaf_weight=3470 15382 78 99 164 779 108 124 327 88 254 53 96 64 50 1277 174 1335 232 112 2994 73 1107 494 291 79 57 2476 102 71 4305 52 680 344 59 333 201 52 50 1041 1299 158 709 91 195 61 192 112 50 420 155 215 62 66479 197 139 64 59 178 103 53 52 231 83
leaf_count=3470 15382 78 99 164 779 108 124 327 88 254 53 96 64 50 1277 174 1335 232 112 2994 73 1107 494 291 79 57 2476 102 71 4305 52 680 344 59 333 201 52 50 1041 1299 158 709 91 195 61 192 112 50 420 155 215 62 66479 197 139 64 59 178 103 53 52 231 83
internal_value=-2.71607e-06 -2.0689e-05 -1.93258e-05 0.000186327 0.000278513 5.44864e-05 0.000551458 -2.41262e-05 4.89295e-05 -5.12845e-05 -2.30524e-05 0.00050199 -5.03785e-05 -6.77418e-05 9.73819e-06 -0.000301895 -8.52795e-06 0.000363331 7.24239e-05 -3.7872e-05 9.66813e-05 0.000327438 7.98195e-05 -0.000247885 0.000210376 0.000101595 -3.00414e-05 0.000270462 1.46537e-05 -3.2364e-05 -0.000130299 8.31446e-05 -0.000232528 -0.000369448 -0.000265521 -0.00111543 0.000767033 0.0010928 -0.000395987 4.06115e-05 9.16494e-05 -0.000356243 0.000130807 0.000168034 0.000260303 0.000621566 0.000884307 0.000287578 -0.000361789 -0.000181664 -0.000399825 -0.000128492 -2.29779e-05 7.42486e-05 0.000765466 0.000472365 0.000951399 0.000247234 -0.00032661 -0.000376697 -0.000177815 -0.000134231 2.37725e-05
internal_weight=110484 84070 83992 1915 1646 26414 291 82077 26123 4961 4707 232 4475 4387 3297 1090 3247 1444 21162 3815 17347 1180 16167 785 908 1970 78607 602 398 78005 6821 2209 4612 2136 1876 260 204 152 1374 2157 502 821 1913 1822 1396 536 304 829 1026 606 451 277 71184 4705 400 261 183 858 202 269 216 426 136
internal_count=110484 84070 83992 1915 1646 26414 291 82077 26123 4961 4707 232 4475 4387 3297 1090 3247 1444 21162 3815 17347 1180 16167 785 908 1970 78607 602 398 78005 6821 2209 4612 2136 1876 260 204 152 1374 2157 502 821 1913 1822 1396 536 304 829 1026 606 451 277 71184 4705 400 261 183 858 202 269 216 426 136
is_linear=0
shrinkage=0.05


Tree=8
num_leaves=64
num_cat=0
split_feature=2 8 5 8 1 2 1 5 4 8 8 2 8 4 4 5 1 5 3 2 8 4 5 5 5 5 8 5 5 4 2 8 4 5 4 4 0 8 5 1 5 3 8 0 8 5 5 8 2 4 4 4 5 3 8 5 5 5 5 4 1 5 4
split_gain=0.0412296 0.0389061 0.0321737 0.0227116 0.0207151 0.0504918 0.0326961 0.0256622 0.0233825 0.0267585 0.0203998 0.0194615 0.027921 0.0426726 0.0348026 0.0453951 0.0313809 0.0266327 0.0230556 0.04774 0.0348853 0.0245077 0.022699 0.0191917 0.0277327 0.0217469 0.0189616 0.0188762 0.0182631 0.0181857 0.0177986 0.0186923 0.0267397 0.0264867 0.0187214 0.0254983 0.0364574 0.0167251 0.0164167 0.0347055 0.0274772 0.0217339 0.0164991 0.0151417 0.0229042 0.0271234 0.0209627 0.0146194 0.045581 0.0382313 0.0168883 0.0268193 0.0151329 0.014815 0.0249434 0.0290757 0.0146174 0.014301 0.0142407 0.0141221 0.0278716 0.025585 0.0282463
threshold=-0.057871183380484574 0.085787203162908568 1.7927595376968386 -0.11302770674228667 0.23274130374193194 0.33210733532905584 0.17337615787982943 0.27654723823070532 -0.37624083459377283 0.27492931485176092 0.052170511335134513 -0.12203688174486159 -0.10921853408217429 -0.28918366134166712 -0.22481030225753781 -2.6549892425537105 -0.066318992525339113 -0.1149603985249996 -0.12191373854875563 -0.1214790716767311 -0.10549357905983923 4.9991202354431161 -0.47273224592208857 1.3142134547233584 1.5844851732254031 -0.20070597529411313 0.0620041061192751 -1.0511502623558042 -2.6549892425537105 -0.26773910224437708 0.10444248467683794 0.035866761580109603 -0.10106495022773741 1.0062533617019656 -0.36070851981639857 -0.42044129967689509 0.057033022865653045 0.42638093233108526 -1.952785789966583 -0.12446375191211699 -2.3250278234481807 -0.12342747673392294 -0.10711130872368811 -0.072111159563064561 -0.033491803333163254 -0.043299756944179528 0.52073591947555553 -0.084437955170869813 -0.090503390878438936 -0.10742916911840437 0.2947120219469071 -0.059573810547590249 2.7914083003997807 -0.12118089199066161 -0.10921853408217429 3.5138276815414433 1.5844851732254031 -1.1905139088630674 -1.2700496315956114 -0.36520460247993464 -0.076017841696739183 -1.1905139088630674 -0.33668024837970728
decision_type=2 2 2 2 2 2 2 2 2 2 2 2 2 2 2 2 2 2 2 2 2 2 2 2 2 2 2 2 2 2 2 2 2 2 2 2 2 2 2 2 2 2 2 2 2 2 2 2 2 2 2 2 2 2 2 2 2 2 2 2 2 2 2
left_child=1 2 3 -1 6 10 7 8 26 28 -6 38 13 -13 15 -14 18 57 -16 20 -20 27 -23 25 29 59 -2 -21 -10 -25 31 32 -9 -33 35 -35 -37 -8 39 -5 -41 -40 -43 44 56 -46 -47 53 50 52 51 -49 -50 54 -4 -56 -29 -18 -12 -17 61 62 -61
right_child=4 -3 47 11 5 -7 37 30 9 -11 58 12 14 -15 16 23 17 -19 19 21 -22 22 -24 24 -26 -27 -28 43 -30 -31 -32 33 -34 34 -36 36 -38 -39 41 40 -42 42 -44 -45 45 46 -48 48 49 -51 -52 -53 -54 -55 55 -57 -58 -59 -60 60 -62 -63 -64
leaf_value=0.00010435197945030254 9.9474263600124872e-05 -0.0012900717401256164 -9.8946676077507926e-05 -0.0016162115599770374 0.00025047226856388859 5.271290541291081e-05 0.0003133358351379965 0.00015830584014098971 0.00061344529765905941 -0.0011699444599671232 -0.0011440525786181551 -7.6524304718340351e-05 0.0010684840274460823 0.00010424576147398516 0.00054949823240402857 0.00010359265829291288 0.0002793250075625017 -0.00043712697757439592 -0.00037709267308546604 -0.0002037080379157329 -0.0015602087495741278 -7.8176788106897483e-05 -0.0013281415299022596 0.00052184571929663902 -0.00019760021679938113 -4.0816674771301656e-05 -0.00012140487804081237 -5.0772919555597243e-05 -9.9344996074685993e-05 -0.00024925570333531749 -0.00015774010747891088 0.00014502199178795236 -0.00077195344122548163 0.0014448532959850471 0.0011386186503313711 0.0007610107177106638 -0.00042788139777258046 0.0010437580993642437 -1.5421192861171484e-05 0.00037189316227744076 -0.0010192832800904788 -0.00017326494637739885 0.00017978589078301293 0.00065546296008917179 -0.0012722383820458645 0.0005922781144959274 -0.00065638755324471277 0.00082720950334534606 -0.0001384639031557417 0.000828637575094555 0.0015437908554584003 -0.00013756852309523645 -0.00098840904071252015 -3.7555610304420196e-05 0.0010526262817151361 -0.00020891557680442928 -0.00042244997863976838 0.0011945298563585645 -0.00040230486365304099 -0.00027428739797685857 -0.00027903653524657647 -8.9992702847855703e-06 0.00040198676008135968
leaf_weight=3470 7092 59 186 53 111 3054 740 3528 92 56 71 4858 97 9949 135 5077 77 58 211 2874 88 69 76 520 272 25767 1125 13121 2675 89 397 537 78 52 142 146 114 87 6543 96 55 5118 353 72 84 57 79 276 165 83 51 97 76 880 156 64 269 97 680 192 820 6143 775
leaf_count=3470 7092 59 186 53 111 3054 740 3528 92 56 71 4858 97 9949 135 5077 77 58 211 2874 88 69 76 520 272 25767 1125 13121 2675 89 397 537 78 52 142 146 114 87 6543 96 55 5118 353 72 84 57 79 276 165 83 51 97 76 880 156 64 269 97 680 192 820 6143 775
internal_value=-2.57628e-06 -1.72759e-05 -1.64239e-05 -2.09887e-05 6.08888e-05 -4.26986e-05 8.49483e-05 6.91216e-05 2.65724e-05 -9.75509e-05 -0.000380404 -2.61588e-05 -1.62475e-05 4.49361e-05 -3.21086e-05 -6.31101e-06 -9.11541e-05 0.000485239 -9.8986e-05 -0.000104168 -0.000729341 -9.29322e-05 -0.00073794 -8.96694e-06 0.00022166 -1.42127e-05 6.92223e-05 -8.72389e-05 -7.54324e-05 0.000408932 0.000163159 0.000190901 0.000137975 0.000383149 0.000663872 0.000444854 0.000240085 0.000391344 -8.44993e-05 -0.000528203 -0.000138199 -7.69218e-05 -0.000150457 -6.27607e-05 -6.66081e-05 -0.000571489 -0.000132547 0.000180117 0.000355735 -9.07291e-05 0.000696312 0.000576618 -0.000409473 7.77726e-05 0.000327223 0.000686348 -5.82708e-05 0.000793436 -0.000473858 3.84892e-05 -3.19963e-06 2.86476e-05 0.000267566
internal_weight=110484 89707 89648 87614 20777 3916 16861 16034 11040 2823 862 84144 71926 14807 57119 39752 17367 232 17135 17000 299 16701 145 39655 881 38774 8217 16556 2767 609 4994 4597 3606 991 454 312 260 827 12218 204 151 12014 5471 13682 13610 220 136 2034 748 324 424 373 241 1286 406 220 13390 174 751 13007 7930 7110 967
internal_count=110484 89707 89648 87614 20777 3916 16861 16034 11040 2823 862 84144 71926 14807 57119 39752 17367 232 17135 17000 299 16701 145 39655 881 38774 8217 16556 2767 609 4994 4597 3606 991 454 312 260 827 12218 204 151 12014 5471 13682 13610 220 136 2034 748 324 424 373 241 1286 406 220 13390 174 751 13007 7930 7110 967
is_linear=0
shrinkage=0.05


Tree=9
num_leaves=64
num_cat=0
split_feature=3 8 7 8 7 8 4 0 3 8 4 8 8 7 3 4 8 4 8 0 2 8 2 1 2 2 2 8 8 3 8 2 8 4 7 3 8 4 4 7 7 8 4 4 7 1 4 1 8 1 0 3 0 8 7 7 4 7 1 8 8 4 4
split_gain=0.0376242 0.0575899 0.0254025 0.0280775 0.0230153 0.0291475 0.0314956 0.0248995 0.0229813 0.0216981 0.0208337 0.0260583 0.024136 0.0265522 0.0234358 0.063577 0.0447878 0.0430533 0.089748 0.048378 0.0313353 0.0369424 0.0266641 0.0214396 0.0409927 0.0273998 0.030719 0.0226593 0.0220279 0.0198458 0.0193997 0.0190884 0.0190671 0.0213429 0.0195457 0.0260746 0.0256531 0.0250363 0.0187862 0.0482112 0.0182398 0.0181591 0.0168911 0.0165485 0.0254122 0.0277315 0.044551 0.0209404 0.0426485 0.0186008 0.037458 0.0409318 0.0188487 0.0303158 0.0178525 0.0247223 0.0180866 0.0175742 0.0174734 0.0224605 0.0211472 0.0291038 0.016274
threshold=-0.073461573570966707 0.035866761580109603 2.3905125856399541 0.0620041061192751 1.7290419936180117 -0.10921853408217429 0.46660561859607702 -0.11319464817643164 -0.12294526398181914 -0.11302770674228667 -0.35609923303127283 0.16456679254770282 0.072506658732891097 -0.32582604885101313 -0.04088048264384269 -0.017965827137231823 -0.054225733503699296 -0.13661220669746396 -0.045134969055652611 -0.048271538689732545 -0.050937529653310769 -0.083313193172216402 -0.064040917903184877 0.23274130374193194 0.33210733532905584 0.1495068892836571 0.10444248467683794 0.42638093233108526 0.1007148250937462 -0.053265634924173348 -0.057262007147073739 -0.048322539776563637 -0.083867233246564851 0.23722944408655169 3.3825588226318364 -0.098887983709573732 -0.045134969055652611 -0.21018166840076444 -0.24792126566171643 -0.26919096708297724 0.21170482039451602 0.052170511335134513 -0.34221573173999781 0.86694911122322094 -1.5249323248863218 -0.11020636558532713 1.45146781206131 -0.12395672127604483 -0.11019754409790038 -0.12345524877309798 -0.12077145650982855 -0.1206022873520851 -0.12506384402513501 -0.11012630537152289 0.95039188861846935 0.42247299849987036 1.9047122597694399 0.27369651198387152 -0.076017841696739183 -0.096936542540788637 -0.079543542116880403 -0.35007943212985987 -0.36412154138088221
decision_type=2 2 2 2 2 2 2 2 2 2 2 2 2 2 2 2 2 2 2 2 2 2 2 2 2 2 2 2 2 2 2 2 2 2 2 2 2 2 2 2 2 2 2 2 2 2 2 2 2 2 2 2 2 2 2 2 2 2 2 2 2 2 2
left_child=1 4 10 -4 9 -6 32 8 -8 -1 23 12 14 -14 17 16 -16 20 -19 22 21 -12 -20 25 41 26 -2 -27 -28 38 -31 40 33 -7 35 42 -36 -37 -23 -40 -22 -25 -34 58 47 49 -47 48 -45 52 -51 -52 -46 -54 55 -53 -57 -55 -11 -60 -61 -62 -5
right_child=2 -3 3 62 5 6 7 -9 -10 43 11 -13 13 -15 15 -17 -18 18 19 -21 31 29 -24 24 -26 27 28 -29 -30 30 -32 -33 34 -35 36 37 -38 -39 39 -41 -42 -43 -44 44 45 46 -48 -49 -50 50 51 54 53 57 -56 56 -58 -59 59 60 61 -63 -64
leaf_value=0.0001002771372245414 8.8193436081214773e-05 -0.0013681570977220148 -0.00012548963300063523 0.00055622407360933729 -0.00049651029658088239 3.2344479365072031e-05 0.0010881749370357963 0.0015480966498337997 0.00013187814387670299 -1.8058352204255458e-05 0.00022399576215413887 -0.00054008229264724704 3.5830237507720347e-05 0.0011240940178779172 -0.0011769584851765327 -0.0018871756523107513 -5.513021948133451e-05 -0.00040663103839882 0.00069965063003769173 -7.3113935693764863e-05 0.00035051292591055649 -0.0002698005676883481 0.0019576299944489266 0.00023806046738172881 4.4410076268844345e-05 0.00026712731830049119 -2.8720603598166501e-05 0.0012016551310544078 -0.00057657157265267626 1.5472888904200359e-05 -0.0011396933795080881 0.00011838014427403578 8.3376169953096134e-05 -0.00071222180210389282 -0.00079529141781636142 -0.00012628212483581719 0.00046977561066080249 0.00068608623135055528 -0.00036020127492711736 0.00087304377402153274 0.0015347262526819788 -0.00044805851786283306 0.00098744273400370726 -0.00024057947486118582 -0.00023693924773727883 0.00017760326063223913 -0.0019094623511661597 -0.00025414420047378968 -0.0020659508801495227 -0.00029386233904566197 0.0013842735421812078 -3.4240073773295541e-05 0.00024786859585653246 -0.00064480031116179485 -0.00055544806091347711 0.00021858358674912032 0.0012183982437937117 0.00023782631904503113 0.00069826535623649082 -0.00064419814200079471 0.00036439373598971006 -0.00044658822120213131 0.0015676379095142087
leaf_weight=3476 15382 78 108 124 167 822 90 59 204 71298 566 254 139 93 97 55 967 166 68 66 89 1318 117 111 2994 1115 494 68 291 54 110 427 69 108 88 289 72 140 189 135 51 707 207 84 395 50 51 618 51 1639 54 1272 1289 168 133 133 68 84 57 305 190 262 59
leaf_count=3476 15382 78 108 124 167 822 90 59 204 71298 566 254 139 93 97 55 967 166 68 66 89 1318 117 111 2994 1115 494 68 291 54 110 427 69 108 88 289 72 140 189 135 51 707 207 84 395 50 51 618 51 1639 54 1272 1289 168 133 133 68 84 57 305 190 262 59
internal_value=-2.44798e-06 -1.8803e-05 4.96053e-05 0.000513383 -1.75337e-05 0.000137898 0.000187429 0.000618488 0.000427318 -2.19407e-05 4.44196e-05 -4.77955e-05 -2.11216e-05 0.000475026 -4.69441e-05 -0.000244991 -0.000158411 1.91445e-05 0.000493948 0.0010888 -4.8368e-05 -0.000128201 0.00150149 6.60387e-05 -4.13203e-05 8.96278e-05 7.2619e-05 0.000321814 -0.000232284 -0.000238642 -0.000761545 0.000285244 0.000102361 -5.47934e-05 0.000271193 0.000384335 -0.000226629 0.000139805 -0.000185984 0.000154756 0.00078973 -0.000354777 0.000762543 -2.73745e-05 -0.000106522 -6.81141e-05 -0.00088465 -0.000378241 -0.000940285 -5.21945e-05 -0.000124381 4.30326e-05 7.08139e-05 0.000149802 -2.89855e-06 4.73352e-05 0.000561187 -0.000350814 -2.069e-05 -0.000250894 -0.00032319 -0.000105637 0.000889056
internal_weight=110484 84070 26414 291 83992 2315 2148 353 294 81677 26123 4961 4707 232 4475 1119 1064 3356 417 251 2939 2372 185 21162 3812 17350 16167 1183 785 1806 164 567 1795 930 865 705 160 429 1642 324 140 818 276 78201 6089 5336 101 753 135 5235 3299 1660 1936 1541 1606 1473 201 252 72112 814 757 452 183
internal_count=110484 84070 26414 291 83992 2315 2148 353 294 81677 26123 4961 4707 232 4475 1119 1064 3356 417 251 2939 2372 185 21162 3812 17350 16167 1183 785 1806 164 567 1795 930 865 705 160 429 1642 324 140 818 276 78201 6089 5336 101 753 135 5235 3299 1660 1936 1541 1606 1473 201 252 72112 814 757 452 183
is_linear=0
shrinkage=0.05


Tree=10
num_leaves=64
num_cat=0
split_feature=3 8 4 7 8 8 0 0 4 7 4 7 4 8 1 2 8 1 3 4 7 2 8 7 4 4 3 3 0 2 3 4 0 1 2 0 1 4 8 2 7 1 3 4 3 8 8 8 3 7 2 4 8 2 8 3 4 7 3 8 7 4 4
split_gain=0.0383538 0.0640676 0.0326888 0.0326889 0.0415924 0.0390378 0.0353392 0.0263886 0.0481494 0.0261144 0.025326 0.0248834 0.032836 0.025839 0.0355237 0.0324972 0.0245486 0.0242406 0.0484447 0.029895 0.0232869 0.0223254 0.021833 0.0203704 0.0342223 0.0320446 0.0359668 0.0195506 0.0180166 0.0220362 0.0462776 0.0231211 0.01755 0.0165331 0.039596 0.0324048 0.0163578 0.044267 0.0272309 0.0410616 0.0366095 0.0320576 0.029249 0.0481422 0.0670477 0.027331 0.0249995 0.0225776 0.0221282 0.0212709 0.0192693 0.0192602 0.0220951 0.0176493 0.0204247 0.106832 0.0235279 0.0305067 0.0289894 0.0171761 0.0297017 0.0239472 0.0229643
threshold=-0.073461573570966707 0.043595923110842712 -0.36834973096847529 0.92737284302711498 0.1007148250937462 -0.083313193172216402 0.069045703858137145 -0.060847280547022813 -0.26251646876335138 2.3905125856399541 -0.27032959461212153 -1.9428517222404478 0.15809321403503421 -0.09391747415065764 -0.11238194257020949 -0.12409245595335959 -0.013424252159893511 -0.11743653938174246 -0.11642901226878165 0.762974113225937 3.3825588226318364 -0.12225850671529769 -0.050851022824645035 -1.6888583302497862 0.071840412914752974 -0.009051359258592127 -0.045466186478734009 -0.072144314646720872 -0.11333825811743735 -0.09849135577678679 -0.10128446295857428 -0.31633085012435908 -0.10656716674566268 0.034295748919248588 0.010229857638478281 0.069045703858137145 -0.083720695227384553 0.17320434004068377 -0.057262007147073739 -0.089029449969530092 -0.23594354093074796 -0.089659687131643281 -0.1036679334938526 0.10652878507971765 -0.097509481012821184 -0.080215241760015474 -0.0095899859443306906 -0.10417794063687323 -0.083706323057413087 -1.4013102650642393 -0.088419184088706956 0.039271866902709014 -0.067524634301662431 -0.10539784282445906 -0.081504818052053438 -0.11269123852252959 -0.19017843902111051 -0.16625323146581647 -0.10958691686391829 -0.084927808493375764 0.28624817728996282 -0.39620119333267206 -0.21761104464530942
decision_type=2 2 2 2 2 2 2 2 2 2 2 2 2 2 2 2 2 2 2 2 2 2 2 2 2 2 2 2 2 2 2 2 2 2 2 2 2 2 2 2 2 2 2 2 2 2 2 2 2 2 2 2 2 2 2 2 2 2 2 2 2 2 2
left_child=1 9 27 5 7 -4 -6 8 -5 11 16 12 -1 15 -15 -14 -9 19 -19 20 21 -11 32 24 -7 33 -27 -2 -20 30 -30 -31 -16 34 -25 -35 38 46 41 49 -41 42 53 47 45 -45 48 -44 -38 -40 -43 52 -52 54 -13 -56 58 -58 -57 60 -49 -62 -63
right_child=2 -3 3 4 6 23 -8 10 -10 17 -12 36 13 14 22 -17 -18 18 28 -21 -22 -23 -24 25 -26 26 -28 -29 29 31 -32 -33 -34 35 -36 -37 37 -39 39 40 -42 50 43 44 -46 -47 -48 59 -50 -51 51 -53 -54 -55 55 56 57 -59 -60 -61 61 62 -64
leaf_value=6.0667153682405134e-05 0.00053973648521830789 -0.0017203233145516028 0.00021925005757967263 -4.4241255512832252e-05 0.0018983170717778164 -6.3113353975364069e-06 0.00033469200234635384 -0.0003141884071261766 0.0014703078484436607 0.00060733796482858508 -0.00057479842239684478 -1.1386188943184915e-05 -0.0011786497475297535 -0.0018268926189351907 -0.00089449223048107421 -4.9725722576378942e-05 0.00056512836407979629 0.0019082015491043349 -0.00052995685117035094 0.00049937492045386658 -0.0011515787392036637 -0.00055957185271620236 -0.0013440470604903318 -0.00015985251561138162 0.0012532727802716827 -0.00022175263291608323 -0.0017912796728398043 8.0015593884082684e-05 0.00035393722688799404 -0.00089992559558056565 0.0018804094378626155 0.00030349447046485703 0.00026203680909327051 0.0011971397183587547 -0.0010592934415957801 -6.113403294262759e-05 -0.00090807874695224787 -0.0015361152966593015 0.0014423669871086113 -0.00074951592055496458 0.00022440547575936301 0.0003821028528304001 7.4303516573305571e-05 0.00015836494427846646 -0.0016637100990211581 -0.0010483515730951556 -0.00097976403216867218 -6.8096190199434903e-05 -5.6674195573743601e-05 0.0003895793495385842 0.00010121934734747776 0.00097463071505120812 -0.00040867110046826347 0.00012648026371351841 0.0020775991407452686 0.0013669031622208973 -0.00105540243187739 0.00023377811738320596 5.3155879052913709e-06 1.0450317626920825e-05 -0.00057051777371164715 -0.0001375983584299544 -0.00062363641486841859
leaf_weight=538 233 54 843 137 62 414 86 148 84 68 189 55122 75 68 51 396 169 50 58 142 73 100 54 3384 61 84 64 20052 253 53 61 152 88 62 126 272 77 53 51 160 240 636 2361 168 112 64 77 6459 3550 654 2788 58 229 2526 72 52 92 90 149 2962 513 2101 274
leaf_count=538 233 54 843 137 62 414 86 148 84 68 189 55122 75 68 51 396 169 50 58 142 73 100 54 3384 61 84 64 20052 253 53 61 152 88 62 126 272 77 53 51 160 240 636 2361 168 112 64 77 6459 3550 654 2788 58 229 2526 72 52 92 90 149 2962 513 2101 274
internal_value=2.15882e-06 -1.43754e-05 5.4642e-05 -4.59785e-05 0.00023702 -9.26478e-05 0.000998068 8.09298e-05 0.000535454 -1.32578e-05 -0.000118252 -1.63357e-05 -0.000235869 -0.0004536 -0.000851796 -0.000231607 0.000154899 0.000239326 0.000430533 -7.40017e-05 -0.000412509 -8.64523e-05 -0.000500592 -0.000151544 0.000157739 -0.000188375 -0.000907934 8.53224e-05 0.000299406 0.000392931 0.000655509 -1.04919e-05 -0.000165659 -0.000160442 -0.000192433 0.000175314 -1.29199e-05 -0.000114809 -8.00662e-06 0.000238325 -0.000166061 -1.15526e-05 -1.88296e-05 -8.10382e-05 -0.000664865 -0.000177593 -9.40626e-05 -6.73035e-05 -7.49945e-05 0.000467674 0.000131791 7.99121e-05 6.23944e-05 -2.75361e-06 -8.62952e-06 0.000324626 -9.46722e-06 -0.000420102 0.00036259 -9.44691e-05 -0.000127715 -0.000260982 -0.000193911
internal_weight=110494 84024 26470 6185 875 5310 148 727 221 83970 506 82960 1270 732 261 471 317 1010 627 383 241 168 193 4467 475 3992 148 20285 577 519 314 205 139 3844 3510 334 81690 3757 77933 1105 400 76828 73117 15014 344 232 3704 14670 3627 705 3711 3075 3017 58103 55577 455 383 182 201 12309 9347 2888 2375
internal_count=110494 84024 26470 6185 875 5310 148 727 221 83970 506 82960 1270 732 261 471 317 1010 627 383 241 168 193 4467 475 3992 148 20285 577 519 314 205 139 3844 3510 334 81690 3757 77933 1105 400 76828 73117 15014 344 232 3704 14670 3627 705 3711 3075 3017 58103 55577 455 383 182 201 12309 9347 2888 2375
is_linear=0
shrinkage=0.05


Tree=11
num_leaves=64
num_cat=0
split_feature=0 8 4 8 5 8 4 1 8 4 4 8 5 8 8 0 3 8 8 5 4 8 3 4 4 8 5 8 5 8 4 1 1 8 1 3 0 4 3 2 1 8 4 4 2 8 8 4 8 4 0 3 0 5 0 2 5 8 8 5 8 2 4
split_gain=0.0347007 0.0514768 0.0298076 0.0272557 0.0212593 0.0361517 0.024932 0.0169486 0.0314325 0.0300372 0.0219891 0.0204228 0.0168745 0.0242484 0.0178345 0.0170916 0.016738 0.0166299 0.0165978 0.0160662 0.0157993 0.0155427 0.0148919 0.0635624 0.0356471 0.0493761 0.0720147 0.0326672 0.0248523 0.024199 0.0228091 0.0218561 0.0214198 0.0190844 0.01779 0.0415245 0.036038 0.0234807 0.0162273 0.0145848 0.0402091 0.0463807 0.0302454 0.037102 0.0175897 0.0335011 0.0238477 0.0248341 0.0228078 0.0225532 0.0434693 0.091033 0.0410777 0.0387046 0.0265524 0.0308829 0.0297336 0.0313817 0.0262576 0.0258597 0.024912 0.0238321 0.0226142
threshold=-0.073395814746618257 0.035866761580109603 -0.36834973096847529 -0.083313193172216402 0.6996922791004182 0.1007148250937462 0.039271866902709014 -0.077330283820629106 -0.074233386665582643 -0.2996362149715423 -0.16825100034475324 -0.050851022824645035 1.7927595376968386 -0.050851022824645035 -0.038346311077475541 -0.086171172559261308 -0.072144314646720872 -0.088200118392705903 -0.08269724994897841 1.1020603179931643 -0.30728022754192347 -0.052633151412010186 -0.04088048264384269 -0.026676144450902935 -0.19820591062307355 -0.050851022824645035 0.019214862957596782 -0.047234505414962762 -0.030081078410148617 -0.027961548417806622 -0.21393741667270658 -0.019257430918514725 -0.048183519393205636 -0.068609505891799913 0.041800031438469894 -0.012979959603399037 0.069045703858137145 -0.24792126566171643 -0.055184079334139817 -0.080955512821674333 -0.083720695227384553 -0.071540776640176759 -0.37343709170818323 -0.2870160043239593 -0.089536316692829118 -0.057262007147073739 -0.067524634301662431 0.11822596192359926 -0.10094839334487914 -0.10742916911840437 -0.1191108115017414 -0.11509899049997328 -0.11890414357185362 0.44459147751331335 -0.11727088317275046 -0.10823940485715865 -1.8254202604293821 -0.091428056359291063 -0.078115224838256822 -2.3250278234481807 -0.089084908366203294 -0.11482001096010207 -0.24160645902156827
decision_type=2 2 2 2 2 2 2 2 2 2 2 2 2 2 2 2 2 2 2 2 2 2 2 2 2 2 2 2 2 2 2 2 2 2 2 2 2 2 2 2 2 2 2 2 2 2 2 2 2 2 2 2 2 2 2 2 2 2 2 2 2 2 2
left_child=1 7 16 -4 22 6 19 12 17 -10 -11 -12 39 15 -15 -14 -2 -9 -19 20 -6 -21 24 27 30 -26 -27 28 -24 31 32 -29 33 38 35 -31 -36 -37 -5 40 44 -42 -43 -44 45 48 -46 -48 -1 52 53 59 62 -51 -54 58 57 -57 -56 -52 -58 -53 -50
right_child=2 -3 3 4 5 -7 -8 8 9 10 11 -13 13 14 -16 -17 -18 18 -20 21 -22 -23 23 -25 25 26 -28 29 -30 34 -32 -33 -34 -35 36 37 -38 -39 -40 -41 41 42 43 -45 46 -47 47 -49 49 50 51 61 54 -55 55 56 60 -59 -60 -61 -62 -63 -64
leaf_value=-4.0313995795688516e-06 0.0004870193850423443 -0.0013500372067533641 0.00021971555433346202 0.00014730133050846437 -2.5754118577408964e-06 0.00075694204061950258 -0.0010624058918673892 -0.00014988158388577671 0.00038694756216744878 -0.00071195721113678789 0.00074551482338262897 -0.00055597194850462374 0.00012013160247390631 0.0013566713516058317 0.0002501155650129587 -0.00063274260006161243 7.6134101998834671e-05 -0.001060538015077032 -0.00037890586461098282 -0.00053927030499008571 0.00060536057920087063 2.6495556822223793e-05 -0.00044538111890519592 -0.0017246161199758539 -0.00040755122098755554 0.00029456117862782844 0.0021365478930723231 5.0529740675831577e-05 -0.0017297996546335099 1.2660121089473928e-05 -0.0010287089390745578 0.0011810719667870043 0.00025695172747945385 -0.00032514292945347257 0.0012851688878274419 -0.00055125715543334782 -0.0001159184205022814 -0.0016798322719246658 -0.00064906242792809243 0.0001507900284060792 -6.0696416699462888e-05 0.00016329254312516978 -0.0015615856003618443 -0.00051837036820694799 0.00014268380213102878 0.00031306039068160896 -8.1418257385725403e-05 -0.0011402972823513361 0.0015050083262449887 -0.001147354007777634 -0.00073829715749105585 -0.0011299638979339348 -0.00070912634074920796 0.00024065398508408932 8.0102309983235573e-05 0.0013821518300734597 -0.0001434031882498733 0.00011765683376232916 0.0010099956009071321 0.00041575861904105606 7.224177074674355e-06 -0.0002377055365382297 9.3310827094897196e-05
leaf_weight=54084 250 71 843 471 235 175 53 305 334 154 69 52 1652 66 81 78 20051 147 230 164 195 459 134 70 161 273 65 138 52 406 72 61 303 1053 53 300 305 54 73 1333 755 83 132 242 3503 759 721 59 65 196 51 76 149 67 2857 67 7389 177 77 749 4367 2778 50
leaf_count=54084 250 71 843 471 235 175 53 305 334 154 69 52 1652 66 81 78 20051 147 230 164 195 459 134 70 161 273 65 138 52 406 72 61 303 1053 53 300 305 54 73 1333 755 83 132 242 3503 759 721 59 65 196 51 76 149 67 2857 67 7389 177 77 749 4367 2778 50
internal_value=2.04943e-06 -1.36772e-05 5.19719e-05 -4.4284e-05 -8.61111e-05 9.13441e-05 -1.45607e-05 -1.2531e-05 -0.000192227 6.8842e-05 -0.000317514 0.000186226 -9.7223e-06 0.000138444 0.000752746 8.58411e-05 8.12178e-05 -0.000425111 -0.000646791 3.91378e-05 0.000273881 -0.000123064 -0.000142331 -0.000262543 -6.57317e-05 0.000311397 0.000654047 -0.000193347 -0.000811796 -0.000105454 -0.000161271 0.00040125 -0.000127876 -0.000201004 -0.000195924 -0.000332676 9.45072e-05 -0.00072766 3.94415e-05 -1.31665e-05 -1.59191e-05 -0.000301587 -0.000698555 -0.000889746 -1.14901e-05 -1.71956e-05 8.70127e-05 -0.00016287 -2.06243e-05 -6.75696e-05 -0.000174535 -0.00012973 -3.99916e-05 -0.000794183 -4.71972e-05 -4.05459e-05 -7.60991e-05 0.000469099 0.000104842 0.000341358 -8.74538e-05 -0.000261853 0.000897322
internal_weight=110494 84025 26469 6168 5325 1281 1106 83954 1291 609 275 121 82663 1877 147 1730 20301 682 377 1053 430 623 4044 1573 2471 499 338 1503 186 1317 1972 199 1900 1597 1118 760 358 354 544 80786 79453 1212 457 374 78241 73958 4283 780 73199 19115 3917 3654 15198 263 15083 14934 12000 244 2934 800 11756 2854 115
internal_count=110494 84025 26469 6168 5325 1281 1106 83954 1291 609 275 121 82663 1877 147 1730 20301 682 377 1053 430 623 4044 1573 2471 499 338 1503 186 1317 1972 199 1900 1597 1118 760 358 354 544 80786 79453 1212 457 374 78241 73958 4283 780 73199 19115 3917 3654 15198 263 15083 14934 12000 244 2934 800 11756 2854 115
is_linear=0
shrinkage=0.05


Tree=12
num_leaves=64
num_cat=0
split_feature=0 8 5 6 4 7 4 0 4 7 6 6 7 8 0 4 5 5 4 7 6 6 4 0 6 2 0 8 5 6 6 5 7 7 5 4 8 5 5 6 6 6 4 7 4 8 4 7 4 8 2 0 2 7 4 4 6 4 8 4 4 8 7
split_gain=0.0313145 0.0465262 0.0272019 0.0340263 0.0270427 0.0220211 0.0336341 0.0278834 0.0207411 0.0205139 0.036546 0.0394135 0.0484608 0.03329 0.0307764 0.0307 0.0215311 0.0210098 0.0204122 0.019029 0.0271726 0.0368424 0.0399173 0.0321047 0.0277988 0.0233345 0.031973 0.0219807 0.0183679 0.0871647 0.0628699 0.0372817 0.0364841 0.0307125 0.0272398 0.0262165 0.0536691 0.0216161 0.0198058 0.0193847 0.0182616 0.0224898 0.0180465 0.0179717 0.0197588 0.0189415 0.0230466 0.0275895 0.0272385 0.0284796 0.0273851 0.0257855 0.0218508 0.0213535 0.0197119 0.0181731 0.0175491 0.0175296 0.0171068 0.016885 0.026073 0.0168217 0.0163811
threshold=-0.073395814746618257 0.035866761580109603 -1.2700496315956114 -0.87583255767822255 -0.3618475198745727 -1.8028470277786253 0.082736108452081694 -0.048271538689732545 -0.074372958391904817 2.3905125856399541 -0.096418574452400194 -1.1747296452522276 3.3825588226318364 -0.094238884747028337 -0.12240918353199957 -0.13095989078283307 2.7914083003997807 1.9376788139343264 0.10652878507971765 -0.96346351504325856 -0.01664542872458696 -0.73505705595016468 0.082736108452081694 -0.086171172559261308 -0.2664994597434997 -0.11633542552590369 -0.12379541620612143 -0.1083833761513233 1.0000000180025095e-35 -0.00867320643737912 0.84300050139427196 -0.44535623490810389 0.31371147930622106 1.3577401638031008 0.19899351894855502 -0.33959829807281489 -0.089084908366203294 -0.85232961177825917 2.4052119255065922 -0.87583255767822255 -0.38806039094924921 -0.17296589165925977 -0.24475520849227902 2.3905125856399541 -0.25110265612602228 -0.08269724994897841 -0.36834973096847529 0.92737284302711498 -0.13661220669746396 0.021670791320502761 1.0000000180025095e-35 -0.060847280547022813 -0.070831015706062303 1.3577401638031008 -0.26773910224437708 -0.36412154138088221 0.99578866362571727 -0.24160645902156827 0.19312614947557452 0.25572028756141668 -0.27549649775028223 -0.040642961859703057 1.4110109210014345
decision_type=2 2 2 2 2 2 2 2 2 2 2 2 2 2 2 2 2 2 2 2 2 2 2 2 2 2 2 2 2 2 2 2 2 2 2 2 2 2 2 2 2 2 2 2 2 2 2 2 2 2 2 2 2 2 2 2 2 2 2 2 2 2 2
left_child=1 9 3 8 -5 -4 43 -8 42 16 11 12 -11 14 -13 -15 19 59 -18 20 21 -1 23 -23 25 26 -24 -26 30 34 -21 32 56 -31 39 -36 -37 -34 62 -30 -6 -42 -2 45 55 -7 52 -48 49 51 -51 54 -47 -53 -49 58 -32 -25 -45 60 -12 -22 -38
right_child=2 -3 5 4 40 6 7 -9 -10 10 17 13 -14 15 -16 -17 18 -19 -20 28 61 22 24 57 27 -27 -28 -29 29 33 31 -33 37 -35 35 36 38 -39 -40 -41 41 -43 -44 44 -46 46 47 48 -50 50 -52 53 -54 -55 -56 -57 -58 -59 -60 -61 -62 -63 -64
leaf_value=-4.6031801642899299e-05 8.7694516744813895e-05 -0.0012834728664731503 0.00064675132251068145 -9.6004604300061879e-05 -0.00094929468246526577 0.00016009091208158397 -1.1385965411102882e-05 -0.0016259619511806199 0.00093574642612083794 0.00044603310669576494 0.00055168080339171863 0.00090981029869518755 -0.0012391475655636947 0.00052097641693762281 -0.00031467436523543616 0.0015468399451465235 -8.4456029895361217e-05 -0.00095174925966118773 -0.001235469573543274 -5.4453589238517837e-06 9.3390700643102264e-05 8.8435752582609837e-06 -0.0010413821664332307 -0.00023584760541857128 -0.00016868652463577187 -0.00075109220015153139 8.266276197546233e-05 -0.0012288744911855692 -0.00043115169712414471 -8.7940257810893905e-05 0.00068700110513041969 0.00013080075221590519 0.0015539862876347104 -0.00040992498373700113 -2.6319606868816606e-05 8.0198141377314078e-05 0.00035948231962997667 0.00064896646039844979 -0.00051990279613097227 -3.2828082912581191e-05 0.00052290515031002587 -0.00071336589533864164 -0.00081330332962307539 -0.00024807322633273871 -0.00033086622142946003 0.00060525942065224462 -0.00012612020534857752 5.1889084550151769e-05 0.0012763220040402045 0.0013794911934382982 0.00013918020684269914 -1.1151530052099166e-05 5.8760271837708715e-05 -0.00087208432782333626 0.0012366004739662601 0.0012742651384178318 -0.0001093384991153194 -0.0013511125215195029 0.00081304218154400589 0.00069386638060677799 -0.00071404191011034917 -0.00057487896285807682 0.00078116250765185638
leaf_weight=2963 624 71 159 414 238 3790 53 53 65 106 63 83 70 165 131 132 86 76 69 32317 1932 855 78 70 64 260 317 211 333 20124 98 3818 84 768 4002 8885 980 312 53 3575 58 97 60 68 63 184 3410 113 55 75 108 178 16271 120 50 79 229 71 84 63 111 98 302
leaf_count=2963 624 71 159 414 238 3790 53 53 65 106 63 83 70 165 131 132 86 76 69 32317 1932 855 78 70 64 260 317 211 333 20124 98 3818 84 768 4002 8885 980 312 53 3575 58 97 60 68 63 184 3410 113 55 75 108 178 16271 120 50 79 229 71 84 63 111 98 302
internal_value=1.94399e-06 -1.29957e-05 4.93681e-05 -0.000153388 -0.000378443 6.20374e-05 5.82557e-05 -0.000826325 8.92758e-05 -1.19059e-05 0.000213089 0.000416926 -0.000227423 0.000638865 0.000162265 0.000980577 -1.46208e-05 -0.000234211 -0.000601478 -1.35149e-05 -9.28881e-05 -0.000156727 -0.000326912 -0.000106776 -0.000562302 -0.000384173 -0.00014137 -0.000983645 -6.27627e-06 -3.01841e-05 1.90354e-05 0.000193221 0.000522211 -9.97956e-05 5.00334e-05 8.21594e-05 0.000124637 0.000844371 0.000420112 -6.68708e-05 -0.000674974 -0.000250375 7.58769e-06 6.20932e-05 0.000450025 5.73918e-05 3.84573e-05 -6.74565e-05 0.0002185 0.000126319 0.000652239 -8.3412e-05 6.49076e-05 -0.000359593 0.000420622 0.000663503 0.000130687 -0.000802995 0.000339814 -1.08266e-06 -0.000255229 6.08622e-05 0.000459349
internal_weight=110494 84025 26469 1556 807 24913 24754 106 749 83954 1000 687 176 511 214 297 82954 313 155 82799 6919 4889 1926 996 930 655 395 275 75880 39022 36858 4541 723 20892 18130 14222 10220 396 1335 3908 393 155 684 24648 294 24354 20564 4109 699 644 183 461 16455 298 163 231 327 141 152 237 174 2030 1282
internal_count=110494 84025 26469 1556 807 24913 24754 106 749 83954 1000 687 176 511 214 297 82954 313 155 82799 6919 4889 1926 996 930 655 395 275 75880 39022 36858 4541 723 20892 18130 14222 10220 396 1335 3908 393 155 684 24648 294 24354 20564 4109 699 644 183 461 16455 298 163 231 327 141 152 237 174 2030 1282
is_linear=0
shrinkage=0.05


end of trees

feature_importances:
Column_8=185
Column_4=133
Column_5=101
Column_7=93
Column_6=76
Column_2=72
Column_0=58
Column_1=52
Column_3=49

parameters:
[boosting: gbdt]
[objective: regression]
[metric: l2]
[tree_learner: serial]
[device_type: cpu]
[data_sample_strategy: bagging]
[data: ]
[valid: ]
[num_iterations: 1200]
[learning_rate: 0.05]
[num_leaves: 64]
[num_threads: 0]
[seed: 0]
[deterministic: 0]
[force_col_wise: 0]
[force_row_wise: 0]
[histogram_pool_size: -1]
[max_depth: -1]
[min_data_in_leaf: 50]
[min_sum_hessian_in_leaf: 0.001]
[bagging_fraction: 0.8]
[pos_bagging_fraction: 1]
[neg_bagging_fraction: 1]
[bagging_freq: 5]
[bagging_seed: 3]
[bagging_by_query: 0]
[feature_fraction: 0.8]
[feature_fraction_bynode: 1]
[feature_fraction_seed: 2]
[extra_trees: 0]
[extra_seed: 6]
[early_stopping_round: 0]
[early_stopping_min_delta: 0]
[first_metric_only: 0]
[max_delta_step: 0]
[lambda_l1: 0]
[lambda_l2: 1]
[linear_lambda: 0]
[min_gain_to_split: 0]
[drop_rate: 0.1]
[max_drop: 50]
[skip_drop: 0.5]
[xgboost_dart_mode: 0]
[uniform_drop: 0]
[drop_seed: 4]
[top_rate: 0.2]
[other_rate: 0.1]
[min_data_per_group: 100]
[max_cat_threshold: 32]
[cat_l2: 10]
[cat_smooth: 10]
[max_cat_to_onehot: 4]
[top_k: 20]
[monotone_constraints: ]
[monotone_constraints_method: basic]
[monotone_penalty: 0]
[feature_contri: ]
[forcedsplits_filename: ]
[refit_decay_rate: 0.9]
[cegb_tradeoff: 1]
[cegb_penalty_split: 0]
[cegb_penalty_feature_lazy: ]
[cegb_penalty_feature_coupled: ]
[path_smooth: 0]
[interaction_constraints: ]
[verbosity: -1]
[saved_feature_importance_type: 0]
[use_quantized_grad: 0]
[num_grad_quant_bins: 4]
[quant_train_renew_leaf: 0]
[stochastic_rounding: 1]
[linear_tree: 0]
[max_bin: 255]
[max_bin_by_feature: ]
[min_data_in_bin: 3]
[bin_construct_sample_cnt: 200000]
[data_random_seed: 1]
[is_enable_sparse: 1]
[enable_bundle: 1]
[use_missing: 1]
[zero_as_missing: 0]
[feature_pre_filter: 1]
[pre_partition: 0]
[two_round: 0]
[header: 0]
[label_column: ]
[weight_column: ]
[group_column: ]
[ignore_column: ]
[categorical_feature: ]
[forcedbins_filename: ]
[precise_float_parser: 0]
[parser_config_file: ]
[objective_seed: 5]
[num_class: 1]
[is_unbalance: 0]
[scale_pos_weight: 1]
[sigmoid: 1]
[boost_from_average: 1]
[reg_sqrt: 0]
[alpha: 0.9]
[fair_c: 1]
[poisson_max_delta_step: 0.7]
[tweedie_variance_power: 1.5]
[lambdarank_truncation_level: 30]
[lambdarank_norm: 1]
[label_gain: ]
[lambdarank_position_bias_regularization: 0]
[eval_at: ]
[multi_error_top_k: 1]
[auc_mu_weights: ]
[num_machines: 1]
[local_listen_port: 12400]
[time_out: 120]
[machine_list_filename: ]
[machines: ]
[gpu_platform_id: -1]
[gpu_device_id: -1]
[gpu_use_dp: 0]
[num_gpu: 1]

end of parameters

pandas_categorical:null
