tree
version=v4
num_class=1
num_tree_per_iteration=1
label_index=0
max_feature_idx=8
objective=regression
feature_names=Column_0 Column_1 Column_2 Column_3 Column_4 Column_5 Column_6 Column_7 Column_8
feature_infos=[-0.12655872106552124:5] [-0.12671466171741486:5] [-0.12651309370994568:5] [-0.12661144137382507:5] [-0.43320596218109131:5] [-4.0471677780151367:5] [-1.9943192005157471:5] [-5:5] [-0.11399253457784653:5]
tree_sizes=6085 6162 6174 6199 6179 6198 6103 6187 6222

Tree=0
num_leaves=64
num_cat=0
split_feature=8 7 0 4 7 7 8 1 8 3 7 4 8 4 6 4 4 1 0 8 1 0 8 8 4 4 4 7 8 4 3 8 4 1 3 8 3 4 3 8 1 4 3 1 7 4 0 8 4 0 6 7 0 0 0 6 6 8 4 8 3 4 7
split_gain=0.348738 0.166974 0.166839 0.1986 0.122541 0.104014 0.0937503 0.0974396 0.0913521 0.11298 0.13102 0.122393 0.0948525 0.0894194 0.0769283 0.0847076 0.0750151 0.0720183 0.0707868 0.150036 0.312504 0.0759607 0.222789 0.0947468 0.0724644 0.0706172 0.0701448 0.0694341 0.0681589 0.12195 0.0981417 0.0631167 0.107185 0.062127 0.0601431 0.0787688 0.201563 0.109621 0.0787657 0.0783944 0.0638702 0.0598666 0.0591531 0.0588924 0.060987 0.0587666 0.0561503 0.0543051 0.0539171 0.0533666 0.051662 0.0514966 0.0501717 0.0490234 0.0481756 0.0458379 0.0454255 0.0423215 0.044594 0.0445482 0.0486512 0.0406519 0.0519162
threshold=-0.084442559629678712 1.4911238551139834 -0.095272179692983613 0.99821403622627269 -1.3592000007629392 4.1804111003875741 -0.017935497686266896 -0.10856788977980612 -0.058410422876477235 -0.05965346843004226 2.6312768459320073 -0.029706441797316071 0.03477777726948262 -0.36109098792076105 -1.0980293750762937 1.1695055961608889 4.9998755455017099 -0.12499881908297537 -0.10165798291563986 -0.10452530160546301 -0.12165435403585433 -0.12484576180577277 -0.11004409939050673 -0.11285070329904555 0.67474302649497997 0.12640683352947238 -0.13752984255552289 0.78717026114463817 -0.097345080226659761 1.0813089013099673 -0.11861249804496764 -0.07134640589356421 0.066551152616739287 -0.075165722519159303 -0.11195530742406844 -0.11012715846300124 -0.12074194476008414 1.0813089013099673 -0.11785478517413138 -0.10731847211718558 -0.12424568831920622 1.6729127168655398 -0.12197762727737425 -0.11515749990940093 -0.29648406803607935 0.18699197471141818 -0.11276547238230704 -0.026568566448986527 -0.30119913816452021 -0.013164689764380453 -0.27090965211391443 -1.3997741937637327 -0.12237685918807982 -0.091272685676813112 -0.024079909548163411 0.4388993382453919 -0.050842707976698868 -0.062346566468477242 0.26146899163722997 -0.070380050688981996 -0.10068760439753531 -0.20812922716140744 1.8027845621109011
decision_type=2 2 2 2 2 2 2 2 2 2 2 2 2 2 2 2 2 2 2 2 2 2 2 2 2 2 2 2 2 2 2 2 2 2 2 2 2 2 2 2 2 2 2 2 2 2 2 2 2 2 2 2 2 2 2 2 2 2 2 2 2 2 2
left_child=1 16 3 6 -5 14 7 13 27 11 26 47 33 -2 15 -3 18 -16 19 21 -21 22 23 -1 -24 31 -11 -4 -22 30 -30 -9 61 -13 35 -23 37 39 -38 -37 -41 -6 -39 -15 -45 50 -46 -10 -40 54 -35 -31 -18 -49 -28 56 -48 59 -59 60 -27 -33 -63
right_child=2 5 8 4 41 -7 -8 25 9 10 -12 12 -14 43 17 -17 52 -19 -20 20 28 34 24 -25 -26 57 49 -29 29 51 -32 32 -34 45 -36 36 38 42 48 40 -42 -43 -44 44 46 -47 55 53 -50 -51 -52 -53 -54 -55 -56 -57 -58 58 -60 -61 -62 62 -64
leaf_value=0.00082466975689059077 0.0029421055510716037 0.00024623785607173624 0.000991761417963448 -0.0019756146887757947 -0.00041755889960261045 0.0025954967136382111 0.0027935032316123752 0.0011903274019055392 0.0013184013588461942 0.0010756934462813911 0.0020112108938611442 0.00058138618067819846 -0.00095538556683493142 0.00074390131531073341 0.0024026465309345789 0.0023886027716868512 0.00053748694300160627 0.001260277709261129 0.00080229012080945987 0.0022578604801940434 0.0009548331777790354 0.00082492215249077268 0.0045330681788467225 0.0013484689478536224 0.002038916595294542 0.00026528605364402726 0.00056100493479738309 0.00057042422721530466 0.0021533706922842897 -0.00079056923206596245 0.0011596778341876389 0.0016886406772889744 0.0037078603608889007 3.9822128009256094e-05 0.00064596972841304335 0.0011995157957388771 0.00070858291996663968 0.0009205484853006756 0.0011523519828945763 0.0033927714595248936 0.0015943755867188331 0.0019593617742618089 -5.2857057402498891e-05 0.0023888097311829462 0.0025211875277070849 0.0031363743643742208 0.00094063898296991525 0.0030867329618348332 0.00085049660238737854 -0.00033315836915241335 0.0021879590907194512 0.00067238577655353432 -0.00083128056880264214 0.0016449241473622082 0.0019129818497585585 0.00025900740294199391 0.0022578845364617682 0.0002200420337881545 0.0020531892652692037 -0.0004940327321020998 0.0019670003549755889 0.00090443866890283083 0.0023063159137297453
leaf_weight=2071 152 318 6731 66 52 145 121 2366 2486 19570 367 378 75 154 145 53 483 2533 9850 534 10996 19971 56 1479 62 134 397 1143 258 101 6141 1069 57 56 2640 3814 5390 897 2449 51 1035 52 188 286 97 51 150 61 3733 137 54 148 77 1310 78 99 115 51 91 102 60 402 78
leaf_count=2071 152 318 6731 66 52 145 121 2366 2486 19570 367 378 75 154 145 53 483 2533 9850 534 10996 19971 56 1479 62 134 397 1143 258 101 6141 1069 57 56 2640 3814 5390 897 2449 51 1035 52 188 286 97 51 150 61 3733 137 54 148 77 1310 78 99 115 51 91 102 60 402 78
internal_value=0.00100035 0.000937905 0.00112253 0.0013709 -0.000307872 0.00129165 0.00142223 0.00139153 0.00107908 0.00112582 0.00107625 0.00135358 0.000698283 0.00182351 0.00122914 0.000555206 0.000922301 0.00132263 0.000926798 0.000946577 0.00106735 0.000896495 0.00111428 0.00104293 0.00324234 0.00128823 0.0010592 0.000930553 0.00103125 0.00115762 0.00119992 0.00135467 0.00159651 0.000931576 0.000876606 0.000892839 0.0009701 0.00120565 0.000848267 0.00130634 0.00168096 0.000768741 0.000751073 0.00163285 0.00181621 0.00175126 0.00145873 0.00145794 0.000970082 0.000532519 0.00109558 7.41987e-05 0.000346357 0.00171055 0.00078447 0.00117221 0.00151486 0.000686241 0.00139397 0.000346531 0.000793861 0.00151712 0.00113449
internal_weight=114266 75618 38648 5754 170 3194 5584 5463 32894 25020 20549 4471 614 1053 3049 371 72424 2678 71864 62014 18178 43836 3668 3550 118 4410 20182 7874 17644 6648 6399 3972 1606 539 40168 37528 17557 5985 11572 4900 1086 104 1085 901 747 161 461 3857 6182 612 110 249 560 1371 475 364 265 438 142 296 194 1549 480
internal_count=114266 75618 38648 5754 170 3194 5584 5463 32894 25020 20549 4471 614 1053 3049 371 72424 2678 71864 62014 18178 43836 3668 3550 118 4410 20182 7874 17644 6648 6399 3972 1606 539 40168 37528 17557 5985 11572 4900 1086 104 1085 901 747 161 461 3857 6182 612 110 249 560 1371 475 364 265 438 142 296 194 1549 480
is_linear=0
shrinkage=1


Tree=1
num_leaves=64
num_cat=0
split_feature=7 8 4 4 7 0 5 6 5 2 7 6 8 8 0 8 0 4 8 0 7 8 2 4 8 5 6 4 2 8 8 8 0 4 2 4 7 0 4 2 5 7 5 2 2 2 0 7 2 2 4 4 4 0 5 8 5 0 4 4 8 0 7
split_gain=0.317856 0.256611 0.134429 0.128679 0.170964 0.123509 0.1104 0.127112 0.101234 0.0943673 0.0866912 0.0764055 0.0713088 0.0699816 0.0697084 0.129691 0.273303 0.0716508 0.0694542 0.120185 0.0690546 0.0628629 0.0621238 0.0592916 0.0933525 0.0580915 0.0579262 0.0576483 0.0634747 0.162051 0.0780229 0.0690833 0.173456 0.0700698 0.061844 0.0554619 0.0554074 0.0611829 0.0541613 0.0581414 0.0555259 0.0528754 0.0518444 0.0494198 0.0489191 0.0487007 0.0573467 0.0488024 0.0485486 0.0483399 0.0466089 0.0464231 0.0459991 0.0452111 0.0438031 0.0429347 0.0427 0.047729 0.0457985 0.0442797 0.042259 0.0635129 0.0511107
threshold=1.5417290925979616 -0.087227530777454362 0.99821403622627269 -0.43030327558517451 4.1804111003875741 -0.094652488827705369 1.0053897500038149 -1.0980293750762937 -3.9471395015716548 -0.068534824997186647 -1.3592000007629392 -0.37821383774280543 -0.067170094698667512 0.24213273078203204 -0.10165798291563986 -0.10483517125248908 -0.1215127222239971 3.8425951004028325 -0.058410422876477235 -0.060839636251330369 -2.1373444795608516 -0.097345080226659761 -0.11162132769823073 0.0077821984887123117 0.028413367457687858 1.7390676736831667 -0.94504761695861805 3.1531231403350835 -0.12487400695681571 -0.11004409939050673 -0.11285070329904555 -0.11012715846300124 -0.12100524455308913 0.7616042196750642 -0.12188792601227759 0.2950520664453507 2.6312768459320073 -0.12467583268880843 0.92674747109413158 -0.11852677538990973 0.40273232758045202 0.78717026114463817 -0.29436542093753809 -0.12315876781940459 -0.10849679261445998 -0.076729487627744661 -0.069807752966880784 -0.69322165846824635 -0.12411308288574217 -0.11776044219732283 -0.36362005770206446 -0.30119913816452021 -0.22742243856191632 -0.11368687823414801 4.55184030532837 -0.10851556435227393 0.071988727897405638 -0.097353644669055925 -0.21476165205240247 -0.27671459317207331 0.0044152904301881799 -0.080120462924242006 0.74074974656105053
decision_type=2 2 2 2 2 2 2 2 2 2 2 2 2 2 2 2 2 2 2 2 2 2 2 2 2 2 2 2 2 2 2 2 2 2 2 2 2 2 2 2 2 2 2 2 2 2 2 2 2 2 2 2 2 2 2 2 2 2 2 2 2 2 2
left_child=1 8 5 -2 6 12 11 54 26 50 -4 -5 -3 36 15 22 17 43 41 23 -18 53 27 60 45 -16 -1 28 29 30 -10 -30 33 48 -35 -21 37 -9 39 40 -23 -7 -13 -17 -14 47 -47 -25 55 -34 -6 -51 -38 -22 -8 -33 58 -58 -46 -59 -20 -62 -63
right_child=3 2 10 4 9 18 7 13 14 -11 -12 42 44 -15 25 16 20 -19 19 35 21 38 -24 24 -26 -27 -28 -29 31 -31 -32 32 49 34 -36 -37 52 -39 -40 -41 -42 -43 -44 -45 56 46 -48 -49 -50 51 -52 -53 -54 -55 -56 -57 57 59 -60 -61 61 62 -64
leaf_value=0.00045829361932941113 -0.0019753472906166403 0.00020641877037944152 -0.0023288514113680341 0.0014345328968905962 -0.0004337164236680039 -2.4243545468159727e-05 -0.00033644230875879436 0.0015786936814305699 -0.00012970829967710878 0.002881599852407817 -7.3073672342904004e-05 0.001034119769498597 0.0013880012220601858 0.0011566233028965404 -0.00019941490846991065 0.0022064483407275306 -0.00055243256901609742 -0.00053012488989714673 0.00037241603210402672 5.6470569951397899e-05 8.023907405239482e-05 0.00043821246616216686 -0.00035546184757501609 0.00025073129571033049 -0.0022104742928800705 -0.0018011932853576646 0.0024468660316478204 -0.00043878394179842363 -0.0001612696831398971 0.0022162123755321604 0.0003946532814731876 0.00044806136897282813 -0.00023101433473509699 4.707117052624291e-05 -0.00091577733893501124 -0.0011610164221604058 0.0010843737393447274 5.7363110451378186e-05 -0.00067584566852138918 0.00016482978846990245 0.0021200079797674262 -0.00042450728014108694 0.00033822719055604612 0.0010088122917195524 0.00063296950915231703 0.0020701283859255325 -0.00019962138454242712 -0.0012402092609813231 0.00027860706151987139 0.00014223927136079389 0.0012055477886094071 -0.00014267423207138473 0.00026232390584145985 -0.0001199315804554467 -0.001547887617850612 0.0018852404385244074 0.00059521105746008585 0.00069924731147833754 -0.000129917480405969 0.0027291567568465975 0.0021443296041038329 0.00023597630862977855 0.0019541189135957719
leaf_weight=101 58 4572 93 249 50 7378 532 67 1823 79 78 343 177 209 8521 105 517 64 2825 19265 4963 152 2340 140 50 56 57 1155 20143 90 1160 125 5856 934 202 93 291 2355 182 5226 72 928 1215 490 421 55 55 89 3707 2382 305 3573 410 6533 86 89 346 51 368 58 84 220 53
leaf_count=101 58 4572 93 249 50 7378 532 67 1823 79 78 343 177 209 8521 105 517 64 2825 19265 4963 152 2340 140 50 56 57 1155 20143 90 1160 125 5856 934 202 93 291 2355 182 5226 72 928 1215 490 421 55 55 89 3707 2382 305 3573 410 6533 86 89 346 51 368 58 84 220 53
internal_value=2.48128e-06 -1.7578e-05 8.8319e-05 0.000349163 0.000371255 9.47598e-05 0.000298976 0.00015081 -7.3661e-05 0.00132714 -0.00130631 0.000622597 0.000302654 0.00027298 -7.65038e-05 -5.79867e-05 5.36989e-05 0.00105265 5.48631e-05 9.97368e-05 1.63327e-05 3.35318e-05 -0.000104897 0.00036622 -0.00021603 -0.000210082 0.00118657 -9.0671e-05 -8.06296e-05 0.000137697 7.42642e-05 -9.87603e-05 -2.41094e-05 0.0002209 -0.000124794 5.05618e-05 0.000213493 0.000100082 0.00017037 0.000198747 0.000985809 -6.90093e-05 0.000491996 0.00122351 0.000611925 8.37726e-05 0.000943679 -0.00033159 0.000321061 -0.000129022 0.000974096 -2.87041e-05 0.000604633 -3.35154e-05 -0.000507254 0.00105176 0.000500476 0.000885788 0.000277435 0.00179437 0.000437445 0.000949556 0.00057545
internal_weight=114266 108017 37399 6249 6191 37228 5757 3950 70618 434 171 1807 5993 3332 70460 61883 18304 659 31235 22929 17645 17128 43579 3571 389 8577 158 41239 40084 3073 2983 37011 16868 5057 1136 19358 3123 2422 5632 5450 224 8306 1558 595 1421 339 110 229 3921 11811 355 5955 701 11496 618 214 1244 455 789 109 3182 357 273
internal_count=114266 108017 37399 6249 6191 37228 5757 3950 70618 434 171 1807 5993 3332 70460 61883 18304 659 31235 22929 17645 17128 43579 3571 389 8577 158 41239 40084 3073 2983 37011 16868 5057 1136 19358 3123 2422 5632 5450 224 8306 1558 595 1421 339 110 229 3921 11811 355 5955 701 11496 618 214 1244 455 789 109 3182 357 273
is_linear=0
shrinkage=0.05


Tree=2
num_leaves=64
num_cat=0
split_feature=7 8 4 3 7 6 4 7 3 0 8 2 3 4 8 4 4 2 7 4 0 8 7 8 2 8 8 0 2 4 4 4 7 8 2 3 3 6 3 7 7 8 7 4 8 3 0 6 4 7 4 4 2 7 4 0 0 3 3 4 2 4 7
split_gain=0.287516 0.227668 0.118089 0.123216 0.112033 0.0970457 0.0838736 0.0810204 0.0792574 0.0643713 0.119229 0.302394 0.152381 0.155266 0.100109 0.079125 0.0651227 0.0730701 0.0620484 0.0585793 0.0546828 0.0531095 0.0513093 0.0493049 0.0490671 0.047933 0.047613 0.154117 0.0933828 0.0551242 0.0486318 0.0482269 0.068003 0.0461545 0.0421528 0.0411875 0.0426543 0.0390013 0.0385729 0.037887 0.0368095 0.0476593 0.0407501 0.0555241 0.0400975 0.0604213 0.039509 0.0360265 0.0388485 0.0386408 0.0465984 0.079745 0.0342484 0.0368019 0.0340245 0.0495643 0.0339541 0.0331439 0.0328064 0.0427119 0.031968 0.0368238 0.0313415
threshold=1.4443399310112002 -0.087227530777454362 0.99821403622627269 -0.10235410183668135 4.1804111003875741 -1.0980293750762937 -0.39591120183467859 -1.3592000007629392 -0.073868375271558748 -0.10165798291563986 -0.10851556435227393 -0.12367432191967963 -0.12074194476008414 2.3440586328506474 -0.10035594925284384 -0.21785917133092877 1.6729127168655398 -0.11918930336832999 0.68303206562995922 1.1695055961608889 -0.12484576180577277 -0.10573679953813551 -1.0915415883064268 0.21645921468734744 -0.12188792601227759 -0.07134640589356421 -0.058410422876477235 -0.073815155774354921 -0.076729487627744661 0.12640683352947238 -0.33435957133769983 -0.015353354159742592 -2.621639490127563 -0.041304249316453927 -0.089475087821483598 -0.12156248465180396 -0.12177255004644393 -0.7448245882987975 0.06055735424160958 -1.3997741937637327 -1.2575659751892088 0.4211926013231278 -2.9121035337448116 -0.21785917133092877 0.36200238764286047 0.49947169423103338 -0.060839636251330369 -0.21489748358726499 0.27764041721820837 2.3985310792922978 -0.39591120183467859 -0.37542887032032007 -0.12255780398845671 -0.17940682917833325 -0.062899962067604051 -0.1087871417403221 -0.058459538966417306 -0.072506725788116441 -0.12489631772041319 3.1531231403350835 -0.11109450832009314 0.67474302649497997 0.34027484059333807
decision_type=2 2 2 2 2 2 2 2 2 2 2 2 2 2 2 2 2 2 2 2 2 2 2 2 2 2 2 2 2 2 2 2 2 2 2 2 2 2 2 2 2 2 2 2 2 2 2 2 2 2 2 2 2 2 2 2 2 2 2 2 2 2 2
left_child=1 9 3 25 5 19 -6 -4 60 10 22 18 13 15 -14 62 17 -16 -12 34 -7 -17 58 47 -15 -3 -5 28 31 40 -30 32 -28 -33 -2 36 52 -27 -25 -18 41 42 43 -29 46 -46 -42 49 -49 50 56 -52 53 -23 55 -19 -22 -11 -1 -60 61 -8 -13
right_child=4 2 7 26 6 20 8 -9 -10 57 11 12 14 24 16 21 39 54 -20 -21 23 35 -24 38 -26 37 27 29 30 -31 -32 33 -34 -35 -36 -37 -38 -39 -40 -41 44 -43 -44 -45 45 -47 -48 48 -50 -51 51 -53 -54 -55 -56 -57 -58 -59 59 -61 -62 -63 -64
leaf_value=0.00070636636791716922 -0.00070473233348048499 0.00027324522643504999 -0.002213647568343267 -2.5917674906181847e-05 -0.00079074869261020007 0.0012410561754640295 0.0019177182500803051 -2.5770018766753568e-05 0.0029946439258265694 -0.0002390100329061252 0.0010794663204259714 0.0011088661169945484 -0.00011313569188495302 -0.00039440448157088798 0.00083075864956994982 7.9040037345406012e-05 -0.0015921561890076298 0.00028618206793553741 0.0026771272624931666 0.0012319220490437949 0.0017721098871334108 0.0017523651818919463 -0.00013553281049291489 0.0016932905183516837 -0.0018682164639259912 -0.00031436434496199807 0.0018674520250053584 0.0016796092747358672 0.000516664954542167 -0.00073385142529390783 0.0018218717231649054 0.00049325259745837348 0.00040106012445593548 -0.00061274769029426226 0.00011277118419273003 0.00017230087875606088 0.0019179152826109204 0.00083814228010582715 0.00056201043735877359 -0.00022613774581259349 0.00033253126781478365 -0.0006036368775771602 -7.6507104011940707e-05 -0.00022466241758052464 0.00064028822969084635 0.00012008369285128773 3.5095097890108246e-05 0.00045500397308298533 -4.8447908382033831e-05 0.0004676071508401638 -0.0013201041165272675 1.3501096240781354e-05 0.00025858796168182815 0.0004405496055759224 -9.8147998611784363e-05 1.3255116440486994e-05 0.00031228370232596757 4.5436948888387071e-05 0.00017776231083842174 -0.00062601496761066383 0.00042904228272056888 0.00043635326401272325 0.00045324756051893741
leaf_weight=231 437 2124 93 10682 52 158 129 77 60 7370 322 480 16967 242 339 1379 84 3050 75 58 55 111 30023 94 73 81 82 79 120 217 179 162 1712 223 246 384 79 737 375 127 1213 411 2037 73 775 1991 13903 2449 454 588 120 1523 246 104 1987 3658 140 1189 1150 192 135 63 297
leaf_count=231 437 2124 93 10682 52 158 129 77 60 7370 322 480 16967 242 339 1379 84 3050 75 58 55 111 30023 94 73 81 82 79 120 217 179 162 1712 223 246 384 79 737 375 127 1213 411 2037 73 775 1991 13903 2449 454 588 120 1523 246 104 1987 3658 140 1189 1150 192 135 63 297
internal_value=2.36614e-06 -1.81049e-05 8.23036e-05 8.83925e-05 0.000309649 0.000258827 0.0010826 -0.00122861 0.0013357 -7.10166e-05 -5.31623e-05 1.82212e-05 -1.82431e-07 0.000314954 -4.10096e-05 0.000423132 9.13587e-05 0.000111675 0.00138726 -0.000280505 0.000325962 0.000275711 -0.000120947 0.000300815 -0.000740786 0.000398715 6.14177e-05 0.000101669 0.000474229 5.70469e-05 0.00130151 0.000360165 0.000469089 -0.000147294 -0.000410553 0.000568825 0.000849958 0.000723774 0.000791869 -0.000774901 6.54616e-05 -0.000110295 -1.74328e-05 0.000769567 9.10208e-05 0.000266017 5.89836e-05 0.000257458 0.00037628 0.000115177 2.23667e-06 -8.46453e-05 0.00066319 0.00112279 8.35469e-05 0.000137374 0.00073097 -0.000199495 0.000157345 6.23854e-05 0.00102311 0.00143642 0.000859168
internal_weight=114266 107130 36971 36801 7136 6697 439 170 387 70159 61600 30004 29607 3395 26212 3080 9245 9034 397 741 5956 2303 31596 5798 315 2942 33859 23177 2478 20699 299 2179 1794 385 683 924 540 818 469 211 20482 2600 2189 152 17882 2766 15116 5329 2903 2426 1838 1643 461 215 8695 6708 195 8559 1573 1342 327 192 777
internal_count=114266 107130 36971 36801 7136 6697 439 170 387 70159 61600 30004 29607 3395 26212 3080 9245 9034 397 741 5956 2303 31596 5798 315 2942 33859 23177 2478 20699 299 2179 1794 385 683 924 540 818 469 211 20482 2600 2189 152 17882 2766 15116 5329 2903 2426 1838 1643 461 215 8695 6708 195 8559 1573 1342 327 192 777
is_linear=0
shrinkage=0.05


Tree=3
num_leaves=64
num_cat=0
split_feature=7 8 7 5 6 5 6 3 8 7 5 3 2 8 1 7 2 8 1 7 1 6 2 2 3 5 5 5 8 5 8 8 5 3 6 3 5 5 5 8 5 3 5 6 5 7 7 5 6 7 7 7 5 8 5 8 3 2 3 7 5 1 5
split_gain=0.260025 0.209002 0.0962798 0.102233 0.10211 0.0907469 0.072088 0.0703293 0.0832748 0.0647993 0.060042 0.0559016 0.0546892 0.106618 0.267715 0.0664545 0.0566932 0.196744 0.0581146 0.0532331 0.106788 0.0517322 0.0497567 0.047615 0.0512529 0.0630049 0.0472005 0.0471615 0.0459946 0.0466869 0.0456272 0.0452932 0.0444067 0.0436045 0.0413489 0.0400592 0.040019 0.0427823 0.0405894 0.0397782 0.0643196 0.0606296 0.0397403 0.0396834 0.0454769 0.043026 0.038468 0.0378801 0.0468824 0.0458576 0.0422565 0.03715 0.0532397 0.0450118 0.0366425 0.0353004 0.047876 0.0348157 0.0346508 0.0389336 0.0399858 0.0359211 0.0348664
threshold=1.5417290925979616 -0.087227530777454362 4.1804111003875741 1.0053897500038149 -1.0980293750762937 -3.9471395015716548 -0.37821383774280543 -0.063387151807546602 -0.059721907600760453 2.6312768459320073 1.7390676736831667 -0.10346780344843863 -0.10198795795440672 -0.10483517125248908 -0.12165435403585433 -2.1373444795608516 -0.12371631711721419 -0.10851556435227393 -0.12464895471930502 -1.5354608893394468 -0.11419131606817244 -0.94504761695861805 -0.12470924854278563 -0.12315876781940459 -0.12177255004644393 -1.0412646532058714 -0.29436542093753809 1.7390676736831667 -0.1121033877134323 -0.6887950301170348 -0.054036386311054223 -0.097345080226659761 2.0141284465789799 -0.12489631772041319 0.55432486534118663 -0.10346780344843863 0.087860450148582472 0.13642201572656634 -0.072697866708040224 -0.1116424687206745 0.55075204372406017 -0.12036368995904921 4.55184030532837 -0.050842707976698868 0.8297199308872224 0.079189252108335509 -0.39067898690700525 1.2893171906471255 0.76565289497375499 -0.17940682917833325 1.4911238551139834 -1.2575659751892088 -2.4094301462173457 0.4211926013231278 1.1067665219306948 0.36200238764286047 0.49947169423103338 -0.10479617118835448 -0.11373201757669447 -0.46651068329811091 -2.0202664136886592 -0.10326293855905531 -0.71616327762603749
decision_type=2 2 2 2 2 2 2 2 2 2 2 2 2 2 2 2 2 2 2 2 2 2 2 2 2 2 2 2 2 2 2 2 2 2 2 2 2 2 2 2 2 2 2 2 2 2 2 2 2 2 2 2 2 2 2 2 2 2 2 2 2 2 2
left_child=1 5 3 6 42 21 -2 8 11 22 -4 19 13 16 23 -16 17 28 -19 20 -3 -1 -6 -15 25 -25 -8 -14 29 -7 -9 58 43 -30 -12 -33 38 -38 -10 40 -18 -41 -5 45 -45 -21 -46 50 49 -49 51 53 -53 -32 -43 -54 -57 -47 59 60 -17 -60 -61
right_child=2 7 10 4 9 12 26 30 36 -11 34 -13 27 14 15 31 39 18 -20 32 -22 -23 -24 24 -26 -27 -28 -29 33 -31 47 35 -34 -35 -36 -37 37 -39 -40 41 -42 54 -44 44 46 57 -48 48 -50 -51 -52 52 55 -55 -56 56 -58 -59 61 62 -62 -63 -64
leaf_value=0.00043837027413104029 0.0013591615336980727 -0.0023621997435339819 0.0025463021566617516 -0.00030553562322079746 0.0014641677203171917 0.0002593438328896657 0.00096003395270761918 -0.00012970932539569361 0.00029386439855772563 0.00063016671722101406 0.00049532778538400083 2.3174512005644715e-05 -0.00017617557872951948 0.0019261450248708085 -0.00053824572208720028 0.00075762327627167342 -0.00018056606636165327 0.0022509843311931226 0.0007818144260249082 0.00049992884733499998 8.5675773127881751e-05 0.0023177051942811573 7.3408860196807677e-05 -0.00059046040716862619 0.0020204967719716178 0.00092274818086699622 0.00029974071283552037 -0.0017012368180040344 0.00048480016039981308 -0.00015942779448918754 -1.6332546911197481e-05 0.00019761934887837129 -0.00095764113442594961 2.9882202557243391e-05 0.0016885431164433723 -0.00022247289049192543 0.001722783965217516 0.00049072747799440636 -0.00038897346505109456 -1.0321739033674843e-05 -0.00067370100360842841 -0.0001471609986455686 -0.0014581408223870544 0.00050035619891788073 0.00019536125977398256 -0.00048038245163489838 0.0018163819855985684 -0.001606727278150215 0.00093023523401755562 -0.00024626784431234231 0.0013178680358524779 0.0015145224138519333 5.7533187015151825e-05 -0.00059208887910524146 -0.00053054176353260556 0.00060686813330015606 0.00012784512956994518 0.00071865438836870134 -0.00013797180764129791 0.00068557648087395754 -0.0001938064159314868 0.00030427092452997334 0.00012023522266597133
leaf_weight=101 250 50 56 540 65 752 347 3919 2347 774 286 7696 8866 126 529 118 5961 94 238 473 352 57 2522 85 77 347 1226 50 646 5735 2046 4840 57 2835 97 642 73 1563 239 11166 743 14722 86 910 51 283 131 66 77 831 67 65 12988 406 650 716 1917 76 5896 299 1536 497 3010
leaf_count=101 250 50 56 540 65 752 347 3919 2347 774 286 7696 8866 126 529 118 5961 94 238 473 352 57 2522 85 77 347 1226 50 646 5735 2046 4840 57 2835 97 642 73 1563 239 11166 743 14722 86 910 51 283 131 66 77 831 67 65 12988 406 650 716 1917 76 5896 299 1536 497 3010
internal_value=2.25731e-06 -1.58856e-05 0.000315819 0.000261761 0.000119878 -6.64994e-05 0.000571833 7.96842e-05 0.000166819 0.000229097 0.00102904 8.87125e-05 -6.9191e-05 -5.24227e-05 4.99248e-05 1.30263e-05 -9.47374e-05 7.75817e-06 0.00120329 0.000300272 -0.000223892 0.00112667 0.000108905 0.00105748 0.000839089 0.000624334 0.000445917 -0.000184918 -3.21778e-05 -0.00011085 2.57302e-05 3.03765e-05 0.000406699 0.00011442 0.000801136 0.000148391 0.000353214 0.000546722 0.00023063 -0.000126495 -0.000235312 -9.89976e-05 -0.000465954 0.000447595 0.000645696 0.000187124 0.00136569 5.74976e-05 -0.000246141 -0.000348046 7.37554e-05 6.90874e-05 9.73793e-05 -0.000111868 -0.000163406 9.13859e-05 0.000258288 -0.000225256 -2.66016e-05 7.25177e-05 -0.000125513 -0.000103549 0.000171511
internal_weight=114266 108017 6249 5810 3987 70618 1823 37399 14301 3361 439 10079 70460 61544 18002 17367 43542 10300 332 2383 402 158 2587 635 509 432 1573 8916 9968 6487 23098 16838 1981 3481 383 5482 4222 1636 2586 33242 6704 26538 626 1924 1092 832 182 19179 974 897 18205 18138 15686 2452 15372 15621 2633 359 11356 4963 1654 6393 3309
internal_count=114266 108017 6249 5810 3987 70618 1823 37399 14301 3361 439 10079 70460 61544 18002 17367 43542 10300 332 2383 402 158 2587 635 509 432 1573 8916 9968 6487 23098 16838 1981 3481 383 5482 4222 1636 2586 33242 6704 26538 626 1924 1092 832 182 19179 974 897 18205 18138 15686 2452 15372 15621 2633 359 11356 4963 1654 6393 3309
is_linear=0
shrinkage=0.05


Tree=4
num_leaves=64
num_cat=0
split_feature=7 8 7 5 0 5 5 8 7 5 7 7 5 3 8 8 3 2 7 8 2 5 1 8 0 3 2 0 8 5 0 7 1 8 7 5 8 5 7 2 3 5 8 7 5 8 1 2 8 1 7 7 0 7 8 2 3 3 1 5 8 2 1
split_gain=0.234757 0.188749 0.0870145 0.0922935 0.0787252 0.0719088 0.0714374 0.0682404 0.0676623 0.0842086 0.0651502 0.062087 0.0543158 0.0503155 0.0608774 0.0489491 0.284518 0.150482 0.0623415 0.058522 0.0763595 0.0485436 0.0472751 0.0731152 0.0624547 0.0446967 0.0594898 0.0444777 0.0910645 0.0463874 0.0440943 0.044091 0.0415714 0.0410674 0.0392141 0.0362633 0.0404824 0.0360938 0.0360286 0.052793 0.0448866 0.0359297 0.0358316 0.0392817 0.0438408 0.04003 0.037146 0.0449169 0.0358213 0.045713 0.0346309 0.0345097 0.0335411 0.0328285 0.0315965 0.0843231 0.0584567 0.0315329 0.0304889 0.030163 0.0292825 0.0328408 0.028669
threshold=1.5417290925979616 -0.084442559629678712 4.1804111003875741 1.0053897500038149 -0.072486229240894304 -3.9471395015716548 4.55184030532837 -0.014541763812303541 -3.3693319559097286 -3.9471395015716548 -2.621639490127563 2.6312768459320073 1.7390676736831667 -0.10235410183668135 -0.058410422876477235 -0.10851556435227393 -0.12074194476008414 -0.12411308288574217 0.59583097696304332 -0.10483517125248908 -0.12255780398845671 0.087860450148582472 -0.1143706403672695 -0.079109709709882722 -0.11294716969132422 -0.092809971421957002 -0.076729487627744661 -0.10165798291563986 -0.097345080226659761 1.4947212934494021 -0.12467583268880843 -1.0915415883064268 -0.11362997442483901 -0.067170094698667512 -2.1373444795608516 -0.70229813456535328 -0.10910047590732573 -0.30980531871318812 0.89010506868362438 -0.096418302506208406 -0.089437708258628831 0.94136756658554088 -0.054036386311054223 -1.2901947498321531 -2.4094301462173457 0.4211926013231278 -0.057188149541616433 -0.024045474827289578 -0.054036386311054223 -0.10889335721731185 0.96902495622634899 -2.1373444795608516 -0.092762421816587434 3.4138815402984624 0.089834809303283705 -0.0048784089740365735 -0.02410192601382732 -0.10374125838279723 0.15251991152763369 1.7390676736831667 0.21645921468734744 0.15124816447496417 -0.12499881908297537
decision_type=2 2 2 2 2 2 2 2 2 2 2 2 2 2 2 2 2 2 2 2 2 2 2 2 2 2 2 2 2 2 2 2 2 2 2 2 2 2 2 2 2 2 2 2 2 2 2 2 2 2 2 2 2 2 2 2 2 2 2 2 2 2 2
left_child=1 5 3 37 7 -1 11 8 -3 -10 -9 30 -4 22 38 31 17 18 -17 -19 -21 -16 23 -11 32 -12 -27 28 34 -29 -5 35 -24 -26 -18 36 -7 -2 -15 -40 52 -33 -6 45 -45 54 -46 -48 49 -35 -30 -22 -41 -8 -44 56 -56 -51 -13 -49 -32 -62 -43
right_child=2 4 12 6 42 15 53 10 9 13 25 58 -14 14 21 16 27 19 -20 20 51 -23 24 -25 33 26 -28 29 50 -31 60 41 -34 48 -36 -37 -38 -39 39 40 -42 62 43 44 46 -47 47 59 -50 57 -52 -53 -54 -55 55 -57 -58 -59 -60 -61 61 -63 -64
leaf_value=0.0009782933275368211 0.00097661059898686417 -0.00090531678304301008 0.002421220654280644 0.0012617869718182292 -9.0188484848613187e-05 0.00013449510276190651 1.5341888006398643e-05 0.0022771268341106377 0.0019906888850528049 0.00058554934864895626 0.0016932099109882833 0.00045252759870908457 0.00076136370806428508 6.2654244331677801e-05 0.00014343173515525784 0.0011754395670422746 -0.00067130436956894734 0.00017700248842571391 0.0031800560971704441 0.0013503720066710707 -0.00076036130885768225 0.00063163834262055347 0.00064474908455105671 -0.0015276863629696891 0.00024320333810315343 -5.2209614769072456e-05 0.0014746152201301553 -0.00014660829370013908 8.4691682291873003e-05 -0.00096585832874221855 -2.7574019482308538e-05 -0.00010892109278445577 0.0026513217724677103 0.0021655090214514768 -8.066226320076375e-05 0.00056076940357646285 -0.00068348527164230983 0.0004286110480456275 0.00036448865023294024 -0.00065974986236714932 -0.00020291787377460917 0.00016739922767613274 -0.00018578438270646421 0.001302012976265286 0.00032676098284895342 -0.00058288436824417049 -0.00011307537362469781 0.00011140641020930313 0.00018050647898672345 0.00044846600926597331 0.00045300699778803719 0.00046792884717762454 -0.0020379509176233447 -0.0013725464582533102 0.00033716862056670446 -1.9282744123470842e-05 0.0024324569604449119 0.0016979869052858106 0.0017137991740966364 -0.00045096475178107678 0.0016123368943992415 0.00019948184947133995 -0.00040191364262846975
leaf_weight=165 380 144 56 72 4870 975 68 62 63 83 70 841 383 4639 1327 154 284 2543 52 266 61 826 54 79 1531 265 83 9577 5883 175 2638 28284 50 72 20225 398 178 1443 182 107 242 253 1334 73 1427 398 3020 12780 180 210 715 751 76 113 69 662 64 66 50 242 56 149 1728
leaf_count=165 380 144 56 72 4870 975 68 62 63 83 70 841 383 4639 1327 154 284 2543 52 266 61 826 54 79 1531 265 83 9577 5883 175 2638 28284 50 72 20225 398 178 1443 182 107 242 253 1334 73 1427 398 3020 12780 180 210 715 751 76 113 69 662 64 66 50 242 56 149 1728
internal_value=2.15323e-06 -1.50856e-05 0.00030009 0.000248699 7.96763e-05 -6.11845e-05 0.000113889 0.000195154 0.000166964 0.000182832 0.000776833 0.000160126 0.000978121 0.000170916 0.000107132 -6.35636e-05 -2.72324e-05 0.000383051 0.00169438 0.000308002 0.00061658 0.000330939 0.000373767 -0.000448029 0.000435495 0.000549398 0.000315129 -6.98406e-05 -3.68938e-05 -0.000161407 4.84116e-05 -0.000110021 0.00162551 0.000374628 -8.88736e-05 0.000149916 7.73254e-06 0.000543313 1.5234e-05 -0.000346682 -0.000651371 -0.000123347 3.14631e-05 6.09864e-05 8.75371e-05 -0.000123286 8.23878e-05 6.06308e-05 0.000754528 0.00105007 0.000124667 0.000374834 -0.00124008 -0.00085391 -3.71339e-05 0.00021222 0.00135606 0.000752316 0.000525148 0.000100922 1.72495e-05 0.000591386 -0.000329157
internal_weight=114266 108017 6249 5810 35350 72667 3987 10411 9931 9787 480 3806 439 9724 7399 72502 40686 3827 206 3621 1078 2153 2325 162 2163 418 348 36859 27107 9752 2915 31816 104 2059 20509 1551 1153 1823 5246 607 425 30265 24939 20069 17542 2527 17469 16042 528 348 6598 812 183 181 2129 795 133 276 891 13022 2843 205 1981
internal_count=114266 108017 6249 5810 35350 72667 3987 10411 9931 9787 480 3806 439 9724 7399 72502 40686 3827 206 3621 1078 2153 2325 162 2163 418 348 36859 27107 9752 2915 31816 104 2059 20509 1551 1153 1823 5246 607 425 30265 24939 20069 17542 2527 17469 16042 528 348 6598 812 183 181 2129 795 133 276 891 13022 2843 205 1981
is_linear=0
shrinkage=0.05


Tree=5
num_leaves=64
num_cat=0
split_feature=8 0 8 3 0 0 5 2 8 2 8 5 8 3 5 6 2 5 8 0 8 6 8 8 3 8 2 5 8 0 5 3 8 2 2 1 2 3 1 3 1 0 8 6 6 1 5 3 5 6 5 8 8 5 6 2 6 6 5 5 6 8 1
split_gain=0.273752 0.114888 0.134069 0.163279 0.059644 0.0588279 0.0581217 0.0557917 0.304457 0.0985151 0.0675799 0.0627111 0.0539982 0.105459 0.0519406 0.0678281 0.0510946 0.0438039 0.0486692 0.0425463 0.0520941 0.0421987 0.0419861 0.0414137 0.0730379 0.0382142 0.0508968 0.0506227 0.0376248 0.0375413 0.0357974 0.038593 0.0350769 0.169781 0.0620325 0.0461795 0.0449915 0.0439058 0.0362628 0.034701 0.0346016 0.0759583 0.034111 0.0336092 0.0366636 0.0334369 0.0320403 0.0314572 0.0306241 0.030292 0.0301277 0.0288846 0.0286989 0.0284404 0.0282739 0.0279768 0.0282892 0.0276389 0.0272929 0.0327031 0.0329451 0.0293753 0.0271816
threshold=-0.10035594925284384 -0.1087871417403221 -0.058410422876477235 -0.05965346843004226 -0.12009374424815177 -0.095272179692983613 -1.6013737320899961 -0.12320789322257041 -0.10891926288604735 -0.12494906783103941 -0.1043679006397724 -3.9471395015716548 -0.11020539700984953 -0.12074194476008414 2.3082904815673833 -0.85161045193672169 -0.10228284820914267 1.4947212934494021 -0.09705625474452971 -0.054268557578325265 -0.069389201700687395 -0.15270934998989102 -0.052468121051788323 0.31491228938102728 0.06055735424160958 -0.11107361316680907 -0.12479981407523154 1.4947212934494021 -0.1130344234406948 -0.094652488827705369 2.3082904815673833 -0.10374125838279723 -0.084442559629678712 -0.11577877029776572 -0.11253540217876433 -0.11794373393058775 -0.11698831617832182 -0.11318493261933325 -0.11122982576489447 -0.10204596072435378 0.50015175342559826 0.35930784046649938 -0.11012715846300124 -1.4543612003326414 -1.3389898538589475 -0.066084899008274064 -1.8501173853874204 -0.097881983965635286 0.33397297561168676 -1.2969446182250974 1.4947212934494021 -0.11176222190260886 -0.10766077041625975 -0.66224646568298329 -1.1155810952186582 -0.12027355656027792 -0.028641683049499985 0.37527225911617285 -1.4557446241378782 -1.1833124160766599 -0.72700801491737355 0.062956154346466078 0.24805641919374469
decision_type=2 2 2 2 2 2 2 2 2 2 2 2 2 2 2 2 2 2 2 2 2 2 2 2 2 2 2 2 2 2 2 2 2 2 2 2 2 2 2 2 2 2 2 2 2 2 2 2 2 2 2 2 2 2 2 2 2 2 2 2 2 2 2
left_child=7 4 17 5 55 6 16 8 25 -10 -11 -9 28 21 54 -16 -4 19 -19 20 -3 -14 -8 62 -25 27 42 -1 -13 -22 31 -24 43 35 37 -34 -37 -35 57 -33 41 -26 -27 -6 -45 -31 -42 -41 -30 -20 -15 -29 -23 -46 -7 56 -2 -36 -56 -60 -61 -62 -5
right_child=1 2 3 23 32 14 22 11 9 10 -12 12 13 50 15 -17 -18 18 49 -21 29 52 30 24 40 26 -28 51 48 45 -32 39 33 34 38 36 -38 -39 -40 47 46 -43 -44 44 53 -47 -48 -49 -50 -51 -52 -53 -54 -55 58 -57 -58 -59 59 60 61 -63 -64
leaf_value=-8.3440419515960437e-05 0.00023563195074405592 -2.5114921548658063e-05 -0.0014256169431939511 4.7455861897013001e-05 -0.00098170858340352663 0.0010413472574177405 0.00033759632759581648 0.0015075205836910755 0.0028711050927220775 0.0005503447034200475 0.0018581616161100101 0.00042688694704417644 -3.200519127474494e-05 -0.00011185075195835283 -0.0014440950768171016 0.00022267417488841431 0.00050516351277354302 -0.0014684124238727452 -0.0011014359404153736 -0.0002213482269328018 0.00051526826140365939 0.00010647916877114896 0.00022127583100471738 0.0014282113294090985 0.00013452121177352574 0.00031760111173809245 3.9352432917015169e-05 -0.00040967413420588995 -0.00017090446125901044 -4.4174538453498464e-05 0.0022946050893127299 0.0024634297387035311 0.00033120375029587498 0.00093878771022132658 0.00027840885723439172 -0.0023152930515720981 -0.00053272484602951786 0.0022925912246259789 0.00069718792604743127 0.00063286340075662635 -0.0008135721513741267 0.00092163644660892832 0.0014889118935018048 0.0014765532295482613 -2.4104065672796721e-05 0.0004205146538829971 9.185497837789719e-05 0.0016252013352379647 -0.00036806711738695028 -0.00016400308886183881 -0.00042566985700700171 -0.0015676646410827831 0.00040848952967075891 0.00023051455071463768 -3.4376476329297034e-05 0.0016976847856652181 0.00095842926168175678 -0.0010945229665903411 0.0010284537790441434 -0.00024409076125802808 0.00034214376432142467 0.0011744842007266761 -0.00019702556520981597
leaf_weight=11317 262 18154 52 15173 62 138 236 59 53 994 109 229 2708 23227 95 167 96 84 92 2310 740 1837 123 118 1075 161 2334 153 7970 1301 59 50 59 192 118 63 81 88 508 193 101 428 101 53 1457 550 2323 138 2617 1185 790 83 1376 4432 490 66 281 52 175 233 3075 109 1228
leaf_count=11317 262 18154 52 15173 62 138 236 59 53 994 109 229 2708 23227 95 167 96 84 92 2310 740 1837 123 118 1075 161 2334 153 7970 1301 59 50 59 192 118 63 81 88 508 193 101 428 101 53 1457 550 2323 138 2617 1185 790 83 1376 4432 490 66 281 52 175 233 3075 109 1228
internal_value=1.46003e-06 7.75694e-05 4.99148e-05 0.000129215 0.000256442 0.000372936 0.000730888 -7.729e-05 4.12168e-06 0.00078395 0.000681151 -0.000107819 -0.000110194 -7.55963e-05 0.000297159 -0.000384882 -0.000178234 -3.41259e-05 -0.00030966 -1.78476e-05 4.82217e-06 0.00011339 0.000899298 6.44848e-05 0.000207753 -5.96427e-05 0.000113673 -9.85938e-05 -0.000205944 0.000214507 0.00113374 0.000993568 0.000215998 0.000467492 0.000745794 -0.000843088 -0.00132319 0.00137091 0.000485994 0.00124166 0.000170726 0.000359127 0.000773081 0.000167296 0.000179448 9.40542e-05 5.38089e-05 0.00105024 -0.000219671 -0.000232348 -0.000122191 -0.00082183 0.000235905 0.000167526 0.000339585 0.000731136 0.00061075 -0.000145492 0.000315611 0.00036335 0.000328997 0.000370998 2.91398e-05
internal_weight=114183 58065 50291 25875 7774 5429 947 56118 15305 1156 1103 40813 40754 29938 4482 262 148 24416 1361 23055 20745 5921 799 20446 4045 14149 2596 11553 10816 2591 563 504 7165 1161 958 203 144 280 678 381 3927 1503 262 6004 5942 1851 2424 331 10587 1277 24017 236 3213 5889 4220 609 543 170 4082 3592 3417 3184 16401
internal_count=114183 58065 50291 25875 7774 5429 947 56118 15305 1156 1103 40813 40754 29938 4482 262 148 24416 1361 23055 20745 5921 799 20446 4045 14149 2596 11553 10816 2591 563 504 7165 1161 958 203 144 280 678 381 3927 1503 262 6004 5942 1851 2424 331 10587 1277 24017 236 3213 5889 4220 609 543 170 4082 3592 3417 3184 16401
is_linear=0
shrinkage=0.05


Tree=6
num_leaves=64
num_cat=0
split_feature=7 4 4 5 7 7 2 0 6 2 6 5 4 7 1 7 5 5 4 0 7 5 7 5 1 4 6 6 7 1 6 7 4 7 7 4 6 1 5 0 1 2 5 7 4 6 7 6 2 7 5 6 6 5 1 0 1 1 4 0 5 6 6
split_gain=0.132058 0.15492 0.11851 0.106406 0.148533 0.0909688 0.0846006 0.0835775 0.0761278 0.070144 0.0603948 0.0628561 0.0553389 0.0513156 0.0508592 0.047735 0.0500155 0.0474734 0.0470994 0.0431681 0.04126 0.122303 0.0411049 0.0394852 0.0391549 0.0382935 0.0377008 0.0500696 0.0371091 0.0366683 0.032806 0.0347796 0.0323464 0.0390004 0.0416699 0.0263501 0.032244 0.0262787 0.0475262 0.0321099 0.0322165 0.0445848 0.0252534 0.0239752 0.0480738 0.0296796 0.0233919 0.0322123 0.0297463 0.0261529 0.0230596 0.0343526 0.0243211 0.0227696 0.022716 0.0364321 0.0226555 0.022633 0.0547111 0.0509671 0.0325394 0.0328969 0.0221512
threshold=2.6312768459320073 -0.41613943874835962 0.375255897641182 -0.7609482705593108 1.1174904704093935 4.1804111003875741 -0.068534824997186647 -0.12341490760445593 -1.2611017823219297 -0.054288955405354493 0.971724033355713 -1.2720937728881834 3.1531231403350835 1.4443399310112002 0.038744445890188224 -0.93695116043090809 0.15840919315814975 1.3221880793571474 -0.28843174874782557 -0.091272685676813112 -3.3693319559097286 -3.9471395015716548 -0.3212913572788238 -1.067166745662689 -0.10977722331881522 -0.39044474065303797 0.3450088649988175 -1.3389898538589475 1.1460299491882326 -0.067508686333894716 -0.10904736071825026 -2.9121035337448116 4.9998755455017099 -1.4404380917549131 0.37385818362236029 -0.4238759577274322 -0.72700801491737355 -0.10435856133699416 4.55184030532837 -0.10968436300754546 -0.11731329560279845 -0.12188792601227759 0.96311685442924511 0.3567598164081574 -0.31527230143547053 0.23412580043077472 -2.2604280710220332 -1.5484965443611143 -0.12178387120366095 1.9903829097747805 -0.70229813456535328 -0.64093360304832447 -1.2611017823219297 -0.71616327762603749 -0.071178458631038652 -0.098916392773389802 -0.11596151441335677 -0.063481111079454408 -0.21785917133092877 -0.092762421816587434 -1.2720937728881834 0.13976956903934482 0.21679215878248217
decision_type=2 2 2 2 2 2 2 2 2 2 2 2 2 2 2 2 2 2 2 2 2 2 2 2 2 2 2 2 2 2 2 2 2 2 2 2 2 2 2 2 2 2 2 2 2 2 2 2 2 2 2 2 2 2 2 2 2 2 2 2 2 2 2
left_child=2 -2 3 4 10 18 26 32 28 12 22 -12 20 14 15 42 -17 -15 24 37 -9 -22 30 62 -3 -18 27 -7 -5 -21 -1 -32 33 50 -35 -19 -37 38 39 40 41 -20 -10 -24 45 -45 48 -48 -23 -49 51 52 -4 -16 55 -46 -50 59 -59 -33 -61 -62 -6
right_child=1 5 7 8 23 6 -8 9 13 -11 11 -13 -14 17 53 16 25 35 19 29 21 46 43 -25 -26 -27 -28 -29 -30 -31 31 57 -34 34 -36 36 -38 -39 -40 -41 -42 -43 -44 44 54 -47 47 49 56 -51 -52 -53 -54 -55 -56 -57 -58 58 -60 60 61 -63 -64
leaf_value=3.1318138952331785e-05 -0.0019824457302092926 -0.00031672553114067589 -0.00010607826443447266 -0.0002533251938445204 0.0027290029810930448 0.0018201629442046398 0.0026249284207005988 -0.0010585340222485898 0.0001713072570560768 -0.0019939343570991985 0.0022295305445620148 0.000403993283431711 -0.00068731231740868336 0.00033007254145534648 -0.00050725640942619063 -7.8586163418289733e-05 -0.00010480193399490885 -0.0011251544000069594 0.0007398181136442952 -0.0013194686093555995 0.0020879942434445277 0.00045863585567401189 0.00035492710593809342 0.0006525888351865838 0.00095016604197385864 3.5240580067413226e-05 0.0016889595314041599 0.00012700151916942559 -0.0010607452509909909 0.00013118929698045345 0.0013696254363479228 0.00018668167863412167 -0.00042482227258776165 -9.5735138841211169e-05 0.00024134319256832504 -0.00023718945832894647 0.00017057297884786216 0.001017736545637121 -0.0012841144860019241 -0.00069708921860503438 0.0012280090759090587 -0.00041840231923760809 -0.00045752041775546417 0.0010994006621139738 -0.00054305199571637276 -4.6223185882301983e-05 0.0010168253128150745 -0.00017272267064123725 -0.0012482255684315331 -0.00083617122145369655 0.0012620913166583273 -0.00041023142635822303 0.0010779803724553728 0.00011449566228188442 -0.0013830111817626928 0.00092019374041464532 -0.00035932899500693732 0.00013058905589141727 -0.0015181220250659474 0.00021347732678668138 0.0024904755966013506 0.00086224041812014421 0.0013812817234187
leaf_weight=10816 63 73 63 363 52 55 79 135 3659 56 64 174 619 2141 149 35234 6047 50 181 88 58 55 2121 116 357 25306 90 199 234 85 68 833 391 3065 1307 753 1357 100 52 70 101 152 166 113 200 112 55 6684 143 151 83 104 137 8120 51 53 145 495 55 72 53 77 83
leaf_count=10816 63 73 63 363 52 55 79 135 3659 56 64 174 619 2141 149 35234 6047 50 181 88 58 55 2121 116 357 25306 90 199 234 85 68 833 391 3065 1307 753 1357 100 52 70 101 152 166 113 200 112 55 6684 143 151 83 104 137 8120 51 53 145 495 55 72 53 77 83
internal_value=1.39529e-06 0.000432899 -5.30529e-06 1.34576e-05 0.000133293 0.000524491 0.00115806 -0.00014574 -8.92245e-06 -0.000245851 0.000113527 0.000902169 -0.000233437 -4.87152e-06 -1.40653e-05 -2.78416e-05 -3.77094e-05 0.00016328 0.000310873 9.03347e-05 -0.000195516 -0.000179394 0.000101054 0.00133737 0.000734853 8.22834e-06 0.000814564 0.000499331 -0.000571046 -0.00061006 6.3035e-05 0.000270422 1.17523e-05 4.77031e-05 5.06585e-06 -2.12199e-06 2.50105e-05 0.00027569 0.000140641 0.000289891 0.000450318 0.000211471 0.000143905 0.000279851 -2.12663e-05 0.000531453 -0.000197861 -0.00017774 -0.000600357 -0.0001875 0.000528128 0.000324256 0.00070633 0.000103232 -0.000430753 -0.000234106 -0.000803483 0.00022243 -3.6738e-05 0.000360055 0.00107056 0.00154 0.00191665
internal_weight=114183 1745 112438 99187 15608 1682 423 13251 83579 8101 15357 238 8045 82982 78681 70412 66587 4301 1259 829 7426 7291 15119 251 430 31353 344 254 597 173 12469 1653 5150 4759 4372 2160 2110 656 556 504 434 333 3825 2650 529 225 7233 6890 343 6835 387 304 200 8269 304 253 288 1585 550 1035 202 130 135
internal_count=114183 1745 112438 99187 15608 1682 423 13251 83579 8101 15357 238 8045 82982 78681 70412 66587 4301 1259 829 7426 7291 15119 251 430 31353 344 254 597 173 12469 1653 5150 4759 4372 2160 2110 656 556 504 434 333 3825 2650 529 225 7233 6890 343 6835 387 304 200 8269 304 253 288 1585 550 1035 202 130 135
is_linear=0
shrinkage=0.05


Tree=7
num_leaves=64
num_cat=0
split_feature=8 4 3 8 3 2 4 2 7 7 4 8 7 5 2 8 4 8 4 4 5 2 8 3 8 8 3 4 3 8 3 4 6 3 7 4 5 8 4 3 7 4 3 8 3 4 7 4 2 6 6 3 7 7 2 2 7 3 7 6 2 8 8
split_gain=0.236557 0.117233 0.201163 0.115238 0.164171 0.0853254 0.0674905 0.0924821 0.0703021 0.0638042 0.0949258 0.0600685 0.0581471 0.0571787 0.0549386 0.118058 0.100075 0.0700321 0.0505951 0.0491732 0.0559009 0.0557344 0.150862 0.0725107 0.0619391 0.0597526 0.20234 0.109096 0.0735471 0.051083 0.0475025 0.047468 0.0562428 0.0468088 0.0511603 0.0485493 0.0429678 0.0438309 0.0415054 0.0531707 0.0414282 0.0403744 0.0560561 0.0637412 0.0625152 0.0397571 0.0390214 0.0427086 0.038531 0.0370722 0.0501649 0.037124 0.036876 0.0481533 0.0415978 0.0440313 0.0361823 0.0354086 0.0348534 0.0373499 0.0348521 0.0408331 0.0430878
threshold=-0.10035594925284384 0.375255897641182 -0.10916524007916449 -0.058410422876477235 -0.05965346843004226 -0.12005929648876189 -0.33107893168926233 -0.11646793410181998 0.96902495622634899 2.9537662267684941 -0.41041690111160273 -0.07134640589356421 4.1804111003875741 -0.67555308341979969 -0.11577877029776572 -0.090495597571134553 0.8638243079185487 -0.014541763812303541 -0.28843174874782557 4.9998755455017099 -3.9471395015716548 -0.12470924854278563 -0.11012715846300124 -0.12489631772041319 -0.11285070329904555 -0.11036278307437895 -0.12074194476008414 1.2782509922981264 -0.12186934426426886 -0.10766077041625975 -0.094699937850236879 -0.029706441797316071 -0.82186201214790333 -0.12377262115478514 2.9537662267684941 -0.081300131976604448 1.4947212934494021 -0.09705625474452971 -0.33588120341300959 -0.088403418660163866 0.20003505796194079 -0.38572181761264795 -0.049385730177164071 -0.079864900559186922 -0.10346780344843863 -0.13752984255552289 -1.4404380917549131 0.67474302649497997 -0.12232743203639983 -0.86230176687240589 -0.26349067687988276 -0.10346780344843863 0.021284520626068119 -2.621639490127563 -0.062220986932516091 -0.073846686631441102 2.2312457561492924 -0.066018015146255479 1.5417290925979616 -0.080188572406768785 -0.11440685391426085 -0.064918603748083101 -0.07591597735881804
decision_type=2 2 2 2 2 2 2 2 2 2 2 2 2 2 2 2 2 2 2 2 2 2 2 2 2 2 2 2 2 2 2 2 2 2 2 2 2 2 2 2 2 2 2 2 2 2 2 2 2 2 2 2 2 2 2 2 2 2 2 2 2 2 2
left_child=12 2 6 36 30 46 7 -2 -8 45 -11 -9 19 -10 15 -7 -17 60 -12 20 -1 22 24 -24 -22 -23 27 29 56 -27 49 38 -33 35 -35 -31 41 -38 39 -32 -34 -4 43 -43 -45 -6 -3 -48 -21 -5 51 -51 53 -40 55 -54 -29 -19 -39 -60 -16 62 -62
right_child=1 5 3 4 9 14 8 11 13 10 18 -13 -14 -15 17 16 -18 57 -20 48 21 25 23 -25 -26 26 -28 28 -30 33 31 32 40 34 -36 -37 37 58 52 -41 -42 42 -44 44 -46 -47 47 -49 -50 50 -52 -53 54 -55 -56 -57 -58 -59 59 -61 61 -63 -64
leaf_value=0.0012687911576507852 0.0018164816319384909 -0.00055591331290391589 -0.0001051811287430357 -0.00033450231499955409 6.3914707104915417e-05 -0.0003106536670967951 0.00014716317532882089 0.00043000921886601876 0.0018962268360765745 -0.0010888952775880731 0.0017985231549634288 0.001819257978111483 0.0012836979148037073 0.00050144420790784023 0.00061346421136651574 -0.00030676152902852857 -0.0027626222755723828 -0.0022637205303388847 0.00011742223519831895 -0.00038693583196098712 -0.00015108705300084441 -0.00015669770386157237 0.0018645104619313395 -0.00029475612100213769 0.00023959345101202858 0.00015342010415006168 -0.00011612364477638655 -0.00016102527671538086 -0.0011826533906184853 0.0025070469549149806 -0.00055948530269060508 0.0010670001489297765 -7.568367293627444e-06 0.00041897761241761929 -0.001169423275524213 0.00065011196559371966 -0.0014496188988036749 -0.00050978894228020097 0.0013827239839222538 0.00028742243858427845 -0.0010643340742487149 -1.8721067071376894e-05 -0.00050222572582244655 0.0006690436531261451 0.00013270270125227812 -0.00037060912565953078 -0.00013763111889023675 0.0014321202025437446 -0.0017220003817540906 0.0002244394722819219 0.00056413624009991057 0.0017722580030657177 0.00095456036732132681 0.00022814504537687488 0.0018338379614117623 0.00020714762034234566 0.0011904986087197009 -0.00064427850901553401 -0.00015184538245375734 0.00086581015918372117 -0.00022581118140142681 0.00036364646346664507 -0.0012488602213391172
leaf_weight=77 151 59 7492 79 19544 353 3439 1279 78 51 149 82 78 1089 145 65 115 55 64 559 2149 18604 170 50 1920 4474 24383 1040 181 52 209 76 243 2112 51 108 78 580 98 1580 149 10158 468 621 4302 540 65 128 59 50 634 176 482 1038 81 334 51 88 499 109 635 233 122
leaf_count=77 151 59 7492 79 19544 353 3439 1279 78 51 149 82 78 1089 145 65 115 55 64 559 2149 18604 170 50 1920 4474 24383 1040 181 52 209 76 243 2112 51 108 78 580 98 1580 149 10158 468 621 4302 540 65 128 59 50 634 176 482 1038 81 334 51 88 499 109 635 233 122
internal_value=1.33062e-06 7.20808e-05 8.57186e-05 5.25281e-05 0.000126611 -0.000297991 0.000356289 0.000646078 0.000261041 6.23864e-05 0.000833164 0.000514985 -7.18742e-05 0.000596212 -0.000417968 -0.000843973 -0.00188238 -0.000239778 0.00129631 -7.37839e-05 -6.88327e-05 -7.07166e-05 0.000102382 0.00137465 3.32732e-05 -8.52597e-05 -4.43023e-05 0.000172716 -0.000252132 0.000252248 0.000376471 0.000305835 -0.000169164 0.000442438 0.000381003 0.00126544 -2.5427e-05 -0.000308911 0.000364028 0.000188225 -0.000410933 -9.83806e-06 3.61051e-05 5.2843e-05 0.00020048 5.22138e-05 0.000562471 0.000905463 -0.000516969 0.000698513 0.000793685 0.00143232 0.000518562 0.000328876 0.000758153 0.000649262 -9.68145e-05 -0.00127854 -0.00023286 3.17183e-05 -0.000107893 -0.000214059 -0.000392118
internal_weight=114183 58065 56002 49884 25577 2063 6118 1512 4606 20348 264 1361 56118 1167 1811 533 180 1278 213 56040 55422 55345 4289 220 4069 51056 32452 8069 1272 6797 5229 4290 468 2323 2163 160 24307 1266 3822 1789 392 23041 15549 15081 4923 20084 252 193 618 939 860 226 2033 1136 897 816 1091 143 1188 608 1135 990 757
internal_count=114183 58065 56002 49884 25577 2063 6118 1512 4606 20348 264 1361 56118 1167 1811 533 180 1278 213 56040 55422 55345 4289 220 4069 51056 32452 8069 1272 6797 5229 4290 468 2323 2163 160 24307 1266 3822 1789 392 23041 15549 15081 4923 20084 252 193 618 939 860 226 2033 1136 897 816 1091 143 1188 608 1135 990 757
is_linear=0
shrinkage=0.05


Tree=8
num_leaves=64
num_cat=0
split_feature=8 4 3 8 3 0 4 2 8 0 8 4 8 4 0 8 8 0 4 3 4 8 8 0 8 1 8 2 4 4 4 3 5 8 4 3 8 3 4 4 5 8 4 5 5 4 8 8 5 1 5 0 8 1 0 0 8 4 2 3 5 4 4
split_gain=0.213499 0.105894 0.18161 0.104025 0.148225 0.100014 0.0609457 0.0835347 0.0543006 0.0541899 0.102402 0.0872202 0.0606382 0.0472331 0.0542672 0.164451 0.0602535 0.201486 0.0967213 0.0623555 0.0609718 0.0585728 0.0555451 0.0454123 0.0531781 0.0449365 0.0439401 0.0416222 0.0453673 0.0402635 0.043847 0.0577611 0.0387919 0.0396209 0.0364388 0.0506014 0.057531 0.0564316 0.0350804 0.0345309 0.0663437 0.0332753 0.0842868 0.105137 0.0525344 0.0352008 0.0509424 0.0416209 0.0327448 0.0314883 0.0465629 0.0313008 0.0311986 0.031046 0.0665402 0.0339771 0.0509643 0.0364834 0.0309904 0.030889 0.0437375 0.0361016 0.0317851
threshold=-0.10035594925284384 0.375255897641182 -0.10916524007916449 -0.058410422876477235 -0.05965346843004226 -0.12020969018340109 -0.33107893168926233 -0.11646793410181998 -0.07134640589356421 -0.11666348576545714 -0.090495597571134553 0.99821403622627269 -0.0040988174732774487 4.9998755455017099 -0.12475304678082465 -0.11012715846300124 -0.11044922471046446 -0.12069291993975638 2.0802056789398198 -0.12356622517108916 0.093779716640710845 -0.11285070329904555 -0.10615565255284308 -0.095272179692983613 -0.017935497686266896 -0.12064655125141142 -0.10483517125248908 -0.098869666457176195 -0.022921839728951451 -0.029706441797316071 -0.33588120341300959 -0.088403418660163866 1.4947212934494021 -0.09705625474452971 -0.38572181761264795 -0.049385730177164071 -0.079864900559186922 -0.10346780344843863 -0.20812922716140744 -0.092570450156927095 -0.951635181903839 0.36200238764286047 -0.42905047535896296 1.5456281304359438 2.1493147611618046 -0.1285053417086601 1.0000000180025095e-35 -0.023715134710073468 1.2208991646766665 -0.086142037063837038 -0.13416523486375806 -0.12597157806158063 -0.09789684414863585 0.50015175342559826 0.35930784046649938 0.075141005218029036 0.78114753961563121 -0.41192413866519922 -0.12232743203639983 -0.11830169335007666 2.3082904815673833 -0.20121389627456662 -0.015353354159742592
decision_type=2 2 2 2 2 2 2 2 2 2 2 2 2 2 2 2 2 2 2 2 2 2 2 2 2 2 2 2 2 2 2 2 2 2 2 2 2 2 2 2 2 2 2 2 2 2 2 2 2 2 2 2 2 2 2 2 2 2 2 2 2 2 2
left_child=13 2 6 32 23 25 7 -2 -9 10 52 -12 -11 14 15 21 48 18 19 22 26 -1 -18 24 27 -3 -21 38 -29 30 31 -25 34 -34 -4 36 -36 -38 -5 40 -39 45 43 -43 53 -6 47 -47 -16 50 -41 -23 -7 54 55 -44 57 -57 -15 -8 -61 -62 -63
right_child=1 5 3 4 41 9 59 8 -10 12 11 -13 -14 58 16 -17 17 -19 -20 20 -22 51 -24 29 -26 -27 -28 28 -30 -31 -32 -33 33 -35 35 -37 37 39 -40 49 -42 42 44 -45 -46 46 -48 -49 -50 -51 -52 -53 -54 -55 -56 56 -58 -59 -60 60 61 62 -64
leaf_value=-0.00014308390939615757 0.0017262550762097819 0.00029652577465666191 -9.9922781283033816e-05 0.00061456230137706624 4.2284228561108472e-05 -0.00090859467948665572 0.00054500452322669014 0.00040852556431104865 0.0017293910185612897 -0.00014418097686103398 -0.00051938334419842692 -0.003007337009013795 -0.0012869249461402888 -0.00038424550404725225 -0.00013883133916152088 0.0014292542136679774 0.00043298151039714434 -0.00010997766973536196 -0.00037115277858816662 0.00022267358154329722 -2.7715465113899999e-05 0.0011688069384078073 0.0015312036337263636 -0.00057186362159098228 0.0017316818610962513 0.0019164387481603691 0.00073003236877434161 0.00072073110201897027 0.0023775622656103225 -0.00014225078406033574 0.0005021520876840748 0.00027306040838262637 -0.0013780554164498692 -0.00022120875333418589 -1.7785103010749094e-05 -0.00047716798628732538 0.00063564524998657777 0.00063012991607298114 -0.00023103377253680331 -0.0003401266579962669 8.2713704866769016e-05 -2.7121576877653133e-05 0.0012306468460443539 -0.0022410587131681888 0.0014575697080107166 -0.00039326725824984473 -0.00082713178891858578 0.0010079595876939591 -0.00052459917601513741 -0.00064362952749899376 0.00089640940045022498 0.00019241167452064526 9.7631238650299122e-05 0.00014046197411863234 0.0011994341503860735 0.00040656877895611722 0.0015034987492871358 -0.00033727201287092612 -0.0015726345053064775 0.00015370563000469627 -8.1002708708789836e-05 0.0021410483607104507 0.00054077376232687701
leaf_weight=2168 151 174 7492 305 16246 141 735 1279 82 1252 61 84 127 562 17595 222 1169 24572 744 3371 2559 85 127 231 106 56 488 210 51 476 2066 1580 78 1188 10158 468 621 676 204 217 3036 1265 85 55 107 126 281 90 567 257 116 1829 168 1102 268 339 65 319 60 3686 59 68 58
leaf_count=2168 151 174 7492 305 16246 141 735 1279 82 1252 61 84 127 562 17595 222 1169 24572 744 3371 2559 85 127 231 106 56 488 210 51 476 2066 1580 78 1188 10158 468 621 676 204 217 3036 1265 85 55 107 126 281 90 567 257 116 1829 168 1102 268 339 65 319 60 3686 59 68 58
internal_value=1.26882e-06 6.84824e-05 8.14439e-05 4.99077e-05 0.000120294 -0.000283238 0.000338529 0.000613908 0.000489319 -0.000406615 -0.000879882 -0.00197141 -0.000250279 -6.82767e-05 -6.34153e-05 0.000107086 -7.77522e-05 -3.75259e-05 0.000172948 0.000225466 0.000161534 3.48474e-05 0.000541698 0.00035771 0.000686079 0.000697528 0.000287005 0.00054008 0.00105232 0.000291486 0.000344761 0.000165031 -2.41578e-05 -0.000293515 -9.34578e-06 3.43007e-05 5.02034e-05 0.000190464 0.000275871 0.000126069 0.000182548 5.92684e-05 0.000197042 -0.000120996 0.000380738 2.95939e-05 -0.000384481 0.000192532 -0.000150903 -0.000228975 9.20128e-05 0.000236361 -0.00036297 0.000327191 0.000518125 0.000290943 0.000178919 4.59884e-05 -0.000501221 0.000248017 0.000191501 0.000939666 0.00141447
internal_weight=114183 58065 56002 49884 25577 2063 6118 1512 1361 1833 454 145 1379 56118 55496 4304 51192 33030 8458 7714 6418 4082 1296 5229 876 230 3859 770 261 4353 3877 1811 24307 1266 23041 15549 15081 4923 509 4302 3712 20348 3605 1320 2285 16743 497 216 18162 590 333 1914 309 2178 1076 808 723 658 622 4606 3871 185 126
internal_count=114183 58065 56002 49884 25577 2063 6118 1512 1361 1833 454 145 1379 56118 55496 4304 51192 33030 8458 7714 6418 4082 1296 5229 876 230 3859 770 261 4353 3877 1811 24307 1266 23041 15549 15081 4923 509 4302 3712 20348 3605 1320 2285 16743 497 216 18162 590 333 1914 309 2178 1076 808 723 658 622 4606 3871 185 126
is_linear=0
shrinkage=0.05


end of trees

feature_importances:
Column_8=107
Column_4=84
Column_7=76
Column_5=71
Column_3=56
Column_2=52
Column_0=48
Column_6=41
Column_1=32

parameters:
[boosting: gbdt]
[objective: regression]
[metric: l2]
[tree_learner: serial]
[device_type: cpu]
[data_sample_strategy: bagging]
[data: ]
[valid: ]
[num_iterations: 1200]
[learning_rate: 0.05]
[num_leaves: 64]
[num_threads: 0]
[seed: 0]
[deterministic: 0]
[force_col_wise: 0]
[force_row_wise: 0]
[histogram_pool_size: -1]
[max_depth: -1]
[min_data_in_leaf: 50]
[min_sum_hessian_in_leaf: 0.001]
[bagging_fraction: 0.8]
[pos_bagging_fraction: 1]
[neg_bagging_fraction: 1]
[bagging_freq: 5]
[bagging_seed: 3]
[bagging_by_query: 0]
[feature_fraction: 0.8]
[feature_fraction_bynode: 1]
[feature_fraction_seed: 2]
[extra_trees: 0]
[extra_seed: 6]
[early_stopping_round: 0]
[early_stopping_min_delta: 0]
[first_metric_only: 0]
[max_delta_step: 0]
[lambda_l1: 0]
[lambda_l2: 1]
[linear_lambda: 0]
[min_gain_to_split: 0]
[drop_rate: 0.1]
[max_drop: 50]
[skip_drop: 0.5]
[xgboost_dart_mode: 0]
[uniform_drop: 0]
[drop_seed: 4]
[top_rate: 0.2]
[other_rate: 0.1]
[min_data_per_group: 100]
[max_cat_threshold: 32]
[cat_l2: 10]
[cat_smooth: 10]
[max_cat_to_onehot: 4]
[top_k: 20]
[monotone_constraints: ]
[monotone_constraints_method: basic]
[monotone_penalty: 0]
[feature_contri: ]
[forcedsplits_filename: ]
[refit_decay_rate: 0.9]
[cegb_tradeoff: 1]
[cegb_penalty_split: 0]
[cegb_penalty_feature_lazy: ]
[cegb_penalty_feature_coupled: ]
[path_smooth: 0]
[interaction_constraints: ]
[verbosity: -1]
[saved_feature_importance_type: 0]
[use_quantized_grad: 0]
[num_grad_quant_bins: 4]
[quant_train_renew_leaf: 0]
[stochastic_rounding: 1]
[linear_tree: 0]
[max_bin: 255]
[max_bin_by_feature: ]
[min_data_in_bin: 3]
[bin_construct_sample_cnt: 200000]
[data_random_seed: 1]
[is_enable_sparse: 1]
[enable_bundle: 1]
[use_missing: 1]
[zero_as_missing: 0]
[feature_pre_filter: 1]
[pre_partition: 0]
[two_round: 0]
[header: 0]
[label_column: ]
[weight_column: ]
[group_column: ]
[ignore_column: ]
[categorical_feature: ]
[forcedbins_filename: ]
[precise_float_parser: 0]
[parser_config_file: ]
[objective_seed: 5]
[num_class: 1]
[is_unbalance: 0]
[scale_pos_weight: 1]
[sigmoid: 1]
[boost_from_average: 1]
[reg_sqrt: 0]
[alpha: 0.9]
[fair_c: 1]
[poisson_max_delta_step: 0.7]
[tweedie_variance_power: 1.5]
[lambdarank_truncation_level: 30]
[lambdarank_norm: 1]
[label_gain: ]
[lambdarank_position_bias_regularization: 0]
[eval_at: ]
[multi_error_top_k: 1]
[auc_mu_weights: ]
[num_machines: 1]
[local_listen_port: 12400]
[time_out: 120]
[machine_list_filename: ]
[machines: ]
[gpu_platform_id: -1]
[gpu_device_id: -1]
[gpu_use_dp: 0]
[num_gpu: 1]

end of parameters

pandas_categorical:null
