tree
version=v4
num_class=1
num_tree_per_iteration=1
label_index=0
max_feature_idx=8
objective=regression
feature_names=Column_0 Column_1 Column_2 Column_3 Column_4 Column_5 Column_6 Column_7 Column_8
feature_infos=[-0.1265796422958374:5] [-0.1267392635345459:5] [-0.1265302449464798:5] [-0.12663103640079498:5] [-0.43320596218109131:5] [-4.2229385375976562:5] [-1.9943192005157471:5] [-5:5] [-0.11399253457784653:5]
tree_sizes=6025 6181 6148 6159 6186

Tree=0
num_leaves=64
num_cat=0
split_feature=8 4 0 7 7 0 8 4 0 7 7 8 4 7 4 4 4 6 8 8 1 7 1 4 7 4 4 1 4 3 8 0 6 3 6 0 0 6 6 7 3 8 4 8 4 6 4 7 7 0 0 8 7 4 1 0 1 4 3 4 8 6 7
split_gain=0.41597 0.287709 0.183865 0.153902 0.118037 0.10533 0.105371 0.165101 0.219521 0.0929662 0.0905494 0.0898685 0.123842 0.0807406 0.0691043 0.0658457 0.11585 0.0633386 0.0600024 0.0596009 0.0638132 0.0571957 0.0848223 0.0679336 0.06666 0.0584812 0.0569387 0.0695122 0.0782468 0.05353 0.20488 0.0659684 0.0534299 0.0533116 0.0527048 0.0516053 0.0512013 0.054355 0.0492231 0.0489213 0.0460613 0.185077 0.0604744 0.0452184 0.0495647 0.0481788 0.044763 0.0472521 0.042548 0.0830509 0.0567193 0.051389 0.0492532 0.0391129 0.091485 0.0663402 0.0499207 0.054428 0.0390316 0.085775 0.0724296 0.0442322 0.0388052
threshold=-0.096261240541934953 0.98912695050239574 -0.11908086016774176 4.141848325729371 -3.7846535444259639 -0.10181683674454688 -0.058074042201042168 0.028849349357187751 -0.062137203291058533 -1.140403628349304 4.141848325729371 -0.071858551353216157 -0.13654239475727079 -2.6765792369842525 2.6318111419677739 -0.40120072662830347 -0.01476207375526428 0.41643920540809637 0.28271971642971044 -0.088979091495275484 -0.1134374439716339 -1.0922034382820127 -0.12383680790662764 4.1045529842376718 0.61884593963623058 0.50837290287017833 -0.39055477082729334 -0.099553834646940217 0.30313548445701605 -0.11967481300234793 -0.10892941430211066 -0.12374302372336386 1.3094118237495425 -0.098304055631160722 -1.0400199890136717 -0.073790445923805223 -0.1068514622747898 -0.19866851717233655 -0.21150724589824674 -0.87027296423912037 -0.12337080016732214 -0.108521681278944 0.50837290287017833 -0.040940424427390092 0.28628073632717138 -0.65952482819557179 -0.34536112844943995 1.8150500655174258 2.1522281169891362 -0.11789871379733084 -0.11061833053827284 -0.09123187884688376 -2.3519468307495113 -0.42982815206050867 0.27007554471492773 0.93434134125709545 0.24434037506580356 -0.40737523138523096 -0.1207851618528366 -0.070734065026044832 -0.10766350105404852 -0.16479641199111936 1.2989347577095034
decision_type=2 2 2 2 2 2 2 2 2 2 2 2 2 2 2 2 2 2 2 2 2 2 2 2 2 2 2 2 2 2 2 2 2 2 2 2 2 2 2 2 2 2 2 2 2 2 2 2 2 2 2 2 2 2 2 2 2 2 2 2 2 2 2
left_child=4 2 -2 5 -1 11 26 8 -8 18 21 -4 -13 -14 48 -5 -17 36 -10 -16 -21 22 -6 32 25 29 -7 28 46 30 -23 -32 -24 -29 -26 -31 -15 -38 -20 -9 41 -36 -43 -41 45 -45 -28 -48 49 51 52 -3 -51 62 56 -56 -55 -58 59 60 -33 -62 -11
right_child=1 14 3 15 10 6 7 39 9 53 -12 12 13 17 19 16 -18 -19 38 20 -22 24 23 -25 34 -27 27 33 -30 35 31 58 -34 -35 40 -37 37 -39 -40 43 -42 42 -44 44 -46 -47 47 -49 -50 50 -52 -53 -54 54 55 -57 57 -59 -60 -61 61 -63 -64
leaf_value=0.0065418083168186829 0.0063056419552709004 0.0040683122976381296 0.0050202965882119553 0.0044580162584816167 0.005356115363185034 0.0046387693740004322 0.0053278384602817889 0.0047077796827636985 0.0048021184368481655 0.0047794743047560942 0.0062483968165590337 0.0059521255956646243 0.0065051805057971257 0.0050478457302644891 0.0042222716501303728 0.0071017996697255474 0.0048334798625743703 0.0057577304261672837 0.0040094907215057641 0.0018002131935815052 0.0039910477629207068 0.004703900718534184 0.0048116972549584573 0.0039746801328696341 0.0043608453355947919 0.0045528211431613294 0.0050625635891312776 0.0053027323965987305 0.0026409702425284017 0.0046478328444155967 0.0063171464209521681 0.0050980316567472202 0.0057867623156050863 0.0048673482504295665 0.0048899740202090237 0.0052357286626362838 0.0047116080268669938 0.0030884799475234068 0.0047789300764070437 0.0048398784796897078 0.0047947281220991293 0.0071936542746603134 0.0056497546868366656 0.0055994032362213318 0.0031134084431112385 0.0039347453434447708 0.0043846596407170566 0.0058612309503991763 0.0054217168895832829 0.0063472020747013386 0.0038034083471634008 0.0018955127346620827 0.0045966639562804931 0.0049541931897170146 0.0054361150811438139 0.0048073306064824487 0.0047243370584530934 0.0033037611289556323 0.0048974284862822303 0.0048329897233758056 0.0053780571636061793 0.0063757081790683633 0.0034741411351120305
leaf_weight=89 244 53 7311 54 816 4447 3874 615 2389 1630 97 652 70 163 103 174 83 108 520 87 55 15350 3725 235 569 6851 409 764 51 21345 120 389 145 8694 2059 379 99 107 346 149 7429 109 154 51 156 269 1120 56 73 51 177 57 176 13818 1707 556 253 91 1106 606 176 308 58
leaf_count=89 244 53 7311 54 816 4447 3874 615 2389 1630 97 652 70 163 103 174 83 108 520 87 55 15350 3725 235 569 6851 409 764 51 21345 120 389 145 8694 2059 379 99 107 346 149 7429 109 154 51 156 269 1120 56 73 51 177 57 176 13818 1707 556 253 91 1106 606 176 308 58
internal_value=0.00481972 0.00492415 0.00493918 0.00493259 0.00473235 0.00492575 0.00489326 0.00495391 0.00498159 0.00491879 0.00472972 0.00508615 0.00548722 0.00493203 0.00400239 0.00603968 0.00637213 0.00469812 0.00467281 0.00329836 0.00263706 0.00472732 0.00489085 0.00479826 0.00471319 0.00468774 0.00478991 0.00485051 0.00454968 0.00471098 0.00477461 0.00517576 0.00484847 0.00490257 0.00482818 0.00465811 0.00438629 0.00386424 0.00431651 0.00439086 0.00485549 0.00504982 0.0062962 0.00407968 0.00384218 0.00420166 0.00461243 0.0044558 0.00429832 0.00413791 0.00447169 0.00292622 0.00499494 0.00496301 0.00498656 0.00528169 0.00493937 0.00434524 0.00512221 0.00529014 0.0056071 0.00601483 0.00473385
internal_weight=113977 51920 51088 50844 62057 50533 42023 26482 25242 21368 61968 8510 1199 547 832 311 257 477 3255 245 142 61871 4921 4105 56950 46630 15541 11094 1636 39779 18055 2705 3870 9458 10320 21724 369 206 866 1240 9751 2322 263 625 476 320 1585 1176 587 514 404 110 227 18113 16425 2263 14162 344 2585 1479 873 484 1688
internal_count=113977 51920 51088 50844 62057 50533 42023 26482 25242 21368 61968 8510 1199 547 832 311 257 477 3255 245 142 61871 4921 4105 56950 46630 15541 11094 1636 39779 18055 2705 3870 9458 10320 21724 369 206 866 1240 9751 2322 263 625 476 320 1585 1176 587 514 404 110 227 18113 16425 2263 14162 344 2585 1479 873 484 1688
is_linear=0
shrinkage=1


Tree=1
num_leaves=64
num_cat=0
split_feature=8 4 7 8 7 0 7 0 5 5 4 0 8 2 8 5 6 8 4 2 4 4 7 8 8 4 7 6 5 7 5 8 7 8 4 0 5 4 5 8 4 6 4 2 0 4 0 4 0 2 4 2 4 8 7 2 8 4 2 7 2 5 7
split_gain=0.376979 0.206211 0.137808 0.125961 0.120947 0.115657 0.112452 0.106169 0.0899555 0.0795526 0.0699604 0.123368 0.109056 0.0978704 0.159227 0.093791 0.108445 0.0686075 0.0683836 0.113863 0.0666404 0.104993 0.0572945 0.0882941 0.0710733 0.0549906 0.0545014 0.0674304 0.0837461 0.0535259 0.0520082 0.0516633 0.0505622 0.0576427 0.0492686 0.0491077 0.0504711 0.0632144 0.0490814 0.0487919 0.0501725 0.0482149 0.0538893 0.0470095 0.0519619 0.0745642 0.0469917 0.0445449 0.0444392 0.0434865 0.0430976 0.042599 0.040166 0.0400905 0.0495188 0.0399832 0.116668 0.07856 0.091748 0.0423498 0.0394062 0.0390734 0.0622652
threshold=-0.10036209598183631 1.4089863896369936 4.141848325729371 -0.088979091495275484 -3.2335282564163204 -0.12074327841401099 4.141848325729371 -0.11715991795063017 0.86137545108795177 -0.64226076006889332 -0.064997386187314973 -0.10909762606024741 -0.086369179189205156 -0.063332907855510698 -0.058074042201042168 -3.1171038150787349 -0.45091034471988672 1.0000000180025095e-35 -0.35978269577026362 -0.11640353873372077 -0.40120072662830347 -0.01476207375526428 -1.1661617159843443 -0.026119954884052273 0.28271971642971044 0.50837290287017833 0.69837689399719249 -0.97846916317939747 3.3104250431060795 1.5893883109092715 -2.0683315992355342 -0.095240380614995943 -3.2335282564163204 -0.07713542133569716 -0.098006851971149431 -0.12379100546240805 -2.2959632873535152 0.66398763656616222 1.473049581050873 -0.10430399700999259 0.98912695050239574 -1.0574834942817686 3.4224575757980351 -0.12197036296129225 -0.1209605038166046 -0.034671919420361512 -0.12251272052526473 0.53751036524772655 -0.094711519777774797 -0.12040816992521285 3.4224575757980351 -0.092947889119386659 -0.33072541654109949 -0.026119954884052273 0.83331897854805004 -0.11948101595044135 -0.10882015898823737 1.057994604110718 -0.12369250506162642 -1.140403628349304 -0.10148376971483229 -0.90337097644805897 -1.0246665477752683
decision_type=2 2 2 2 2 2 2 2 2 2 2 2 2 2 2 2 2 2 2 2 2 2 2 2 2 2 2 2 2 2 2 2 2 2 2 2 2 2 2 2 2 2 2 2 2 2 2 2 2 2 2 2 2 2 2 2 2 2 2 2 2 2 2
left_child=6 2 5 4 -3 25 9 -5 -6 35 11 18 38 14 48 16 -12 -17 19 -7 -4 -22 24 -24 -15 34 50 28 46 -29 -26 -21 -9 -34 -2 -1 39 49 60 40 -37 42 -42 -31 -45 -46 -28 -41 -14 -38 55 -50 -53 -16 -55 56 59 58 -58 -11 -13 -19 -63
right_child=1 3 20 7 8 10 -8 32 -10 26 15 12 13 22 53 17 -18 61 -20 31 21 -23 23 -25 30 -27 27 29 -30 43 -32 -33 33 -35 -36 36 37 -39 -40 47 41 -43 -44 44 45 -47 -48 -49 51 -51 -52 52 -54 54 -56 -57 57 -59 -60 -61 -62 62 -64
leaf_value=0.0002767869944030515 0.0017526660252675449 0.0017509914060236257 -0.00051618642798660272 -0.0027866685582280514 -0.00099179290260806622 0.0030296131876875062 0.0018170942782194583 0.00053124828510380429 0.00055146922858093734 0.00050916480563353069 0.0002666180751144124 9.3064034852925615e-05 0.00025613984736991274 1.7077417899855711e-05 0.0004124824859807984 -4.4969008604412385e-05 0.0022863169640394126 -0.0011527833253614304 0.00028077456784990194 0.00020776319957803934 0.0020871000434578347 0.00016617494817499235 -5.1544219415506278e-05 0.00016954194246464387 -0.0012028753394305565 0.0025027990954374127 0.00035376058221236632 -1.4129620487535477e-05 -0.0021459371890976903 0.00067004848576073276 -0.00029349884718612887 0.0010725749813921528 -0.00023235449580793043 -0.0021639098951362983 0.00015306281091537354 8.6184232533263532e-05 0.0002119714013009298 -0.00035042716002791686 -0.00062259912361401512 0.00061132633666837529 0.0024533010460020578 0.00016828448790225334 0.0004261677355209352 -0.00095005202720957731 -0.0005207179805658983 0.0008870454078229765 -0.0006350483837494294 -0.00091280576228970091 -0.00041108786268125312 -8.1609459508971696e-05 -0.00053519422807543008 -6.7372534044067152e-05 0.00025077605103584252 0.00055324977400607344 0.0012786620383591811 -0.00019606771548568355 0.001586286195577906 -0.00040769909768284925 0.00022468164750948238 -0.00015150483018348912 -0.00011529500542468608 0.00061505426577826634 -0.00067096015855898144
leaf_weight=1755 76 67 55 104 304 53 76 51 136 245 320 3670 3606 2315 2479 6325 83 203 2966 344 189 114 6513 14724 208 57 183 5768 68 589 639 347 72 83 129 156 1958 1427 369 88 97 69 50 109 164 218 346 103 506 3541 697 2211 1798 780 338 16841 129 473 2579 17596 5942 128 348
leaf_count=1755 76 67 55 104 304 53 76 51 136 245 320 3670 3606 2315 2479 6325 83 203 2966 344 189 114 6513 14724 208 57 183 5768 68 589 639 347 72 83 129 156 1958 1427 369 88 97 69 50 109 164 218 346 103 506 3541 697 2211 1798 780 338 16841 129 473 2579 17596 5942 128 348
internal_value=1.2486e-06 8.95638e-05 0.000100712 -0.000698758 -0.000212359 9.46104e-05 -9.23774e-05 -0.00149101 -0.000514616 -9.50369e-05 8.98001e-05 0.000111121 8.87924e-05 0.00012922 0.000247982 -5.35677e-05 0.000687215 -9.62833e-05 0.000388464 0.000816824 0.00107731 0.0013673 7.21745e-05 0.00010174 -0.000126364 0.00114074 -0.000121931 1.92238e-06 -0.000507257 4.63796e-05 -0.000517972 0.000642969 -0.000826596 -0.00127391 0.000751716 3.88063e-05 -1.69925e-05 -5.40232e-05 -5.74957e-05 0.000437846 0.000770694 0.00126239 0.00177134 0.000369258 7.80235e-06 0.000282884 -0.000292962 -0.000211061 0.000125288 2.29439e-05 -0.000145843 2.07477e-05 7.53412e-05 0.000524878 0.000773507 -0.000138662 -9.26666e-05 0.00018625 0.000290106 -0.000142404 -3.57391e-05 -0.000573516 -0.000324577
internal_weight=113977 58652 57835 817 507 57477 55325 310 440 55249 57215 49808 46098 36117 11718 7407 403 7004 3710 744 358 303 24399 21237 3162 262 46005 7445 597 6848 847 691 206 155 205 9244 7489 6926 9981 563 372 216 147 1080 491 382 529 191 8121 5499 38560 4515 4009 3597 1118 37863 21022 3181 2708 17841 9612 679 476
internal_count=113977 58652 57835 817 507 57477 55325 310 440 55249 57215 49808 46098 36117 11718 7407 403 7004 3710 744 358 303 24399 21237 3162 262 46005 7445 597 6848 847 691 206 155 205 9244 7489 6926 9981 563 372 216 147 1080 491 382 529 191 8121 5499 38560 4515 4009 3597 1118 37863 21022 3181 2708 17841 9612 679 476
is_linear=0
shrinkage=0.05


Tree=2
num_leaves=64
num_cat=0
split_feature=8 4 7 0 7 4 4 3 2 8 3 4 8 4 3 3 4 7 4 8 3 8 0 4 4 7 7 7 4 8 4 3 8 8 8 0 6 0 8 8 8 4 4 4 0 7 6 2 0 3 7 6 2 6 0 3 8 8 3 6 0 8 7
split_gain=0.342378 0.215399 0.143941 0.126664 0.0815469 0.0703471 0.0787844 0.0691626 0.0712625 0.133692 0.0684529 0.0831897 0.0634818 0.130119 0.203814 0.0821463 0.0724404 0.0652282 0.0624079 0.0692269 0.0590739 0.12578 0.125531 0.119827 0.116446 0.105182 0.0995906 0.0863687 0.103893 0.0721534 0.0671023 0.0634888 0.0589842 0.0567158 0.055608 0.0904511 0.0604879 0.0540716 0.119559 0.0533163 0.0530525 0.0485926 0.046276 0.0527769 0.0457927 0.0454205 0.0782307 0.047278 0.052971 0.0468662 0.0450852 0.0467545 0.0432144 0.0426642 0.0426397 0.0418514 0.0884515 0.0883068 0.0544334 0.0416204 0.04021 0.0591314 0.0397955
threshold=-0.098071891814470277 0.98912695050239574 4.141848325729371 -0.11908086016774176 4.141848325729371 -0.40120072662830347 -0.01476207375526428 -0.12164237722754477 -0.11814509704709052 -0.089930020272731767 -0.10946160554885863 -0.35577587783336634 -0.058074042201042168 0.028849349357187751 -0.067348133772611604 -0.10588693991303443 -0.38538137078285212 -1.140403628349304 -0.40915231406688685 -0.087978396564722047 -0.11967481300234793 -0.11014555767178534 -0.12408038973808287 4.9998755455017099 -0.058786079287528985 -1.0922034382820127 1.098981559276581 -2.3519468307495113 0.92890623211860668 -0.10036209598183631 1.1301506757736208 -0.12195632234215735 -0.10266743227839469 0.28271971642971044 -0.014258232433348892 -0.092175655066966997 -0.72109654545783985 -0.12064191326498984 -0.10766350105404852 -0.10462062060832976 -0.10207055509090422 -0.12789244949817655 4.9998755455017099 0.77888885140419017 -0.1209605038166046 -2.6765792369842525 -0.72995603084564198 -0.11568953841924666 -0.11457601934671401 -0.11285705491900443 -1.2785682678222654 -0.12174139171838759 -0.12493955716490744 -0.21150724589824674 -0.11908086016774176 -0.10218558460474013 -0.058074042201042168 -0.070892967283725725 -0.11720266193151473 -1.0929366350173948 -0.12327332794666289 -0.10478184372186659 0.49277228116989141
decision_type=2 2 2 2 2 2 2 2 2 2 2 2 2 2 2 2 2 2 2 2 2 2 2 2 2 2 2 2 2 2 2 2 2 2 2 2 2 2 2 2 2 2 2 2 2 2 2 2 2 2 2 2 2 2 2 2 2 2 2 2 2 2 2
left_child=4 2 3 -2 20 -4 -7 -3 9 -9 11 18 16 14 34 -15 -12 33 -5 -20 21 25 24 27 -23 -1 32 30 37 31 -24 39 -25 -16 36 -36 -14 38 -29 -30 -39 -37 43 52 -33 46 -13 -47 -49 -50 51 -51 -26 -35 -11 56 57 58 -10 -32 61 -40 -46
right_child=1 7 5 10 -6 6 -8 8 55 54 12 45 13 15 17 -17 -18 -19 19 -21 -22 22 23 26 42 -27 -28 28 29 -31 59 44 -34 53 35 41 -38 40 60 -41 -42 -43 -44 -45 62 47 -48 48 49 50 -52 -53 -54 -55 -56 -57 -58 -59 -60 -61 -62 -63 -64
leaf_value=0.00040082602276356741 0.0010191677332816694 0.00099214412936116342 -0.00049083801953072128 -0.00077393675192241683 0.0014390505799383392 0.0020554214015118628 0.0002822851740347687 -0.00048167099774582315 0.0012369452068294498 -0.003804109116188354 -0.00013804062798192441 -0.00022813063935514115 -0.00018023377377824668 0.0015989146620715754 1.5278236583713803e-05 -0.00042834244852593451 6.7302295405618451e-05 0.00013451844461433718 0.00063833297641974858 0.0019171994040866063 -0.00013874701381627638 0.0023894801105508214 0.00012236845438178847 -0.00086204314155908287 0.0021870111155574425 -0.00013489270011915163 0.0010355152317955442 4.0594863310488443e-05 -0.00026648362212673254 0.0013997335825210865 0.0026817107364406874 -0.0012674582295009863 -0.002682349730834917 -0.00073789539471612884 0.0022825957081595424 0.00092573989204457858 0.00050610866666765447 1.8817242251857747e-05 0.00063222900627200342 0.0008103443244434921 -0.00075624975497256132 -0.00014258950237750211 0.0016677593506362943 -3.8094882352333164e-05 -0.00068232043697833593 -0.00017771829975753904 0.002205351343352909 0.00089100630884000767 -0.0001631658882426709 0.0015866012010248135 0.00021185989221776831 0.00026094904120571902 0.00056384119408306357 -2.1598146378226386e-05 -0.0017555667919276114 -0.0014984173791204719 0.0016072507917501587 -0.002358928636511274 -0.00047807095288934895 0.00099824744730395761 0.00045732992629074037 0.0026481302225531767 0.00079011591199067892
leaf_weight=959 370 60 55 52 87 185 95 149 51 53 5832 60 372 51 2584 1299 16288 18646 344 153 26998 90 145 266 51 20119 60 3373 1056 60 57 267 53 520 102 450 2321 2320 119 128 243 139 73 368 185 776 72 300 675 133 1264 133 200 346 54 86 53 57 421 106 1881 52 60
leaf_count=959 370 60 55 52 87 185 95 149 51 53 5832 60 372 51 2584 1299 16288 18646 344 153 26998 90 145 266 51 20119 60 3373 1056 60 57 267 53 520 102 450 2321 2320 119 128 243 139 73 368 185 776 72 300 675 133 1264 133 200 346 54 86 53 57 421 106 1881 52 60
internal_value=1.19159e-06 9.15598e-05 0.000105018 9.85107e-05 -8.19094e-05 0.00113667 0.00145697 -0.000641138 -0.000748154 -0.00145614 9.20537e-05 0.000291928 7.58703e-05 0.00012757 0.000152919 -0.00035063 1.31593e-05 9.75663e-05 0.000862645 0.00103509 -8.41654e-05 -3.85278e-05 9.67639e-05 5.09254e-05 0.000707352 -0.000110501 -0.000820647 8.38655e-05 5.77611e-05 -0.000290352 0.000906853 -0.000350932 -0.00117191 -0.000102128 0.000514213 0.000914239 0.000411268 0.000134313 0.000223716 -0.000149484 -5.49337e-05 0.000673807 0.000485446 0.000343548 -0.000815582 0.000199899 0.00110582 0.000163126 0.000268742 0.000183715 0.000336757 0.000927235 0.000901018 -0.000452062 -0.00279609 -0.000475057 -0.000321528 -0.000517439 -0.000290539 0.00159971 0.000524556 0.00125708 -0.000319978
internal_weight=113977 54601 53617 53282 59376 335 280 984 924 256 52912 3962 48950 26830 25480 1350 22120 22096 549 497 59289 32291 11213 10431 782 21078 379 10052 9744 1756 308 1696 319 3450 3384 691 2693 7988 5425 1184 2563 589 692 619 512 3413 132 3281 2505 2205 1530 266 251 866 107 668 582 529 472 163 2052 171 245
internal_count=113977 54601 53617 53282 59376 335 280 984 924 256 52912 3962 48950 26830 25480 1350 22120 22096 549 497 59289 32291 11213 10431 782 21078 379 10052 9744 1756 308 1696 319 3450 3384 691 2693 7988 5425 1184 2563 589 692 619 512 3413 132 3281 2505 2205 1530 266 251 866 107 668 582 529 472 163 2052 171 245
is_linear=0
shrinkage=0.05


Tree=3
num_leaves=64
num_cat=0
split_feature=8 5 7 6 7 5 7 5 2 6 1 1 7 1 8 3 8 8 2 2 5 8 5 7 1 3 6 5 6 5 7 6 5 2 1 7 6 1 7 1 2 8 2 3 6 1 5 5 7 8 1 7 6 8 1 8 2 6 3 8 3 5 7
split_gain=0.310702 0.198054 0.149439 0.0666765 0.0652006 0.0608892 0.0616554 0.0587374 0.121662 0.147142 0.098791 0.0698226 0.06652 0.118137 0.0893889 0.0607474 0.0914714 0.0702681 0.0692861 0.0899765 0.0680656 0.0737356 0.0606601 0.0574736 0.0543635 0.0629019 0.0529785 0.0495064 0.0700367 0.0651459 0.0497595 0.0680994 0.0494711 0.0488876 0.0480562 0.0637019 0.0505399 0.0477986 0.0471574 0.0470708 0.045283 0.0660645 0.0738554 0.0434646 0.0433038 0.0416415 0.0396892 0.0392895 0.0450751 0.0391998 0.0378938 0.0400064 0.0369758 0.0362481 0.0352285 0.034803 0.0347036 0.0331603 0.0329435 0.0492402 0.0323815 0.0313385 0.0301549
threshold=-0.096261240541934953 -3.9562571048736568 4.141848325729371 -0.951259285211563 4.141848325729371 -0.64226076006889332 0.61884593963623058 -3.6042827367782588 1.0000000180025095e-35 -0.46501789987087244 -0.046074802055954926 -0.10235718265175818 -1.6367117166519163 -0.11482247710227965 -0.085225306451320634 -0.10148598626255988 -0.058074042201042168 -0.071858551353216157 -0.099737059324979768 -0.097887676209211336 1.9915620088577273 -0.091683372855186449 -0.75491687655448902 -0.42228475213050837 -0.057482732459902756 -0.082753736525773988 0.38654397428035742 1.1694285273551943 -1.173242390155792 3.3104250431060795 1.8150500655174258 -0.17833624780178067 1.9915620088577273 -0.10777614638209342 -0.043317809700965874 0.86881241202354442 0.59031823277473461 -0.025929705239832398 -0.33178311586379999 -0.11482247710227965 -0.12486975267529486 -0.11116116121411322 -0.12306658551096915 -0.12384106591343878 0.074954252690076842 -0.074040830135345445 2.5160398483276372 1.0318684577941897 1.3392764925956728 -0.063217949122190462 -0.1102723181247711 -3.2335282564163204 1.4388447403907778 -0.094529747962951646 0.96585580706596386 -0.068883404135704027 -0.10618728771805762 -1.0929366350173948 -0.019468556158244606 -0.060764821246266358 -0.12480131164193152 -0.54796516895294178 1.4303458333015444
decision_type=2 2 2 2 2 2 2 2 2 2 2 2 2 2 2 2 2 2 2 2 2 2 2 2 2 2 2 2 2 2 2 2 2 2 2 2 2 2 2 2 2 2 2 2 2 2 2 2 2 2 2 2 2 2 2 2 2 2 2 2 2 2 2
left_child=1 3 7 -1 5 23 45 8 9 10 50 -11 13 14 -9 17 18 20 52 -20 -14 46 38 -3 25 -18 47 30 29 -29 61 -32 57 55 35 -26 -37 -4 -21 -23 -30 -42 43 -43 -45 -7 -22 48 -19 -40 -2 -52 53 -17 -35 -15 -49 -27 -24 -60 -25 -8 -55
right_child=2 4 37 -5 -6 6 27 12 -10 11 -12 -13 15 33 -16 16 24 26 19 22 21 39 58 60 34 32 -28 28 40 -31 31 -33 -34 54 -36 36 -38 -39 49 -41 41 42 -44 44 -46 -47 -48 56 -50 -51 51 -53 -54 62 -56 -57 -58 -59 59 -61 -62 -63 -64
leaf_value=0.00089088441143437246 0.00096790326773397962 -3.8508140722133414e-05 0.0013661072475390735 0.0032833138972801984 0.0012103876462491343 -0.00013481911320221453 0.0011278092981065943 -0.00067020547104090973 -0.0011246598051881202 0.0035451624690379458 0.0023299145535188642 0.0012473123279428896 0.00019892486461746013 0.00027216006210599626 -0.0031248538444439574 0.00036008961695188196 2.1982092131626432e-05 0.00038654492595561557 0.00042713297527107266 0.00010427913502299851 -0.00038364232095773333 -0.002242088017058295 -6.2649713988466714e-05 0.00085243309583075673 -0.00028452365168175772 0.001682935301373205 0.0011218435416151076 -0.00050800677776211293 0.00075992202807872284 -0.0024255089491400554 0.0020606422383653024 0.00029281314156127003 -0.00037426186273687513 -9.5136313641386251e-05 0.00011939063738546602 0.00012659826595128314 0.0014678770554382937 -0.00018818457785528154 0.00097852904171316798 -0.00059262405666529847 -0.00090536721173112885 1.5280358357629256e-05 -0.00017285122793139968 0.00061833664604749256 0.0022709752717517029 0.00039734662096019247 0.0013356534478871126 -0.00088661442708803852 0.001623543023885142 -0.00042659096856368706 -0.0009997413357169453 0.00030585433935537745 0.00086943643969529408 -0.00061429963872693778 -0.0011700830119363488 0.001627392796217464 0.00041490746919151616 0.00044170322165359418 -0.00029124902053997086 -0.0017928513243884569 0.00018122734097741151 4.1046903494841422e-05 0.00042772667614432674
leaf_weight=67 77 7929 298 52 97 40800 66 139 88 60 53 76 6889 392 50 124 1531 488 1145 1501 63 52 9870 193 1592 54 327 181 147 58 70 236 186 3360 17228 349 87 59 296 243 253 162 2018 129 57 370 70 101 86 59 109 125 55 985 77 53 102 2823 463 61 2457 6715 74
leaf_count=67 77 7929 298 52 97 40800 66 139 88 60 53 76 6889 392 50 124 1531 488 1145 1501 63 52 9870 193 1592 54 327 181 147 58 70 236 186 3360 17228 349 87 59 296 243 253 162 2018 129 57 370 70 101 86 59 109 125 55 985 77 53 102 2823 463 61 2457 6715 74
internal_value=1.1408e-06 -7.43689e-05 9.13929e-05 0.00195496 -7.82993e-05 -8.03402e-05 -0.000102878 8.4323e-05 0.000580783 0.000882587 0.00035583 0.00227955 7.85851e-05 -0.00011527 -0.00133261 9.54126e-05 6.87911e-05 0.000217047 -2.96216e-05 3.46653e-06 0.000160896 -0.000450239 -3.61649e-05 2.88714e-05 0.00012917 0.000283704 0.000588719 7.87515e-06 -0.00016216 -0.000981509 7.99854e-05 0.000702613 0.000414473 -5.56738e-05 9.22894e-05 -0.000137883 0.000396985 0.00110943 0.000227062 -0.000889969 -9.10338e-05 -0.000139068 -5.67789e-05 0.000614874 0.00113423 -0.000130027 0.000524465 0.0003632 0.00057438 0.00074446 1.3021e-05 -0.000303974 -0.000387345 -0.00044646 -0.000119552 0.000436857 -0.00023382 0.000465577 -8.31853e-05 -0.000469136 0.000230414 5.17892e-05 -0.000541151
internal_weight=113977 62057 51920 119 61938 61841 51262 51563 588 500 364 136 50975 4071 189 46904 38483 8421 14633 13395 7317 428 12250 10579 23850 4594 1104 10092 3005 239 7087 306 3063 3882 19256 2028 436 357 1856 295 2766 2619 2366 348 186 41170 133 777 574 355 311 234 1238 1183 3437 445 203 2877 10394 524 2650 6781 1059
internal_count=113977 62057 51920 119 61938 61841 51262 51563 588 500 364 136 50975 4071 189 46904 38483 8421 14633 13395 7317 428 12250 10579 23850 4594 1104 10092 3005 239 7087 306 3063 3882 19256 2028 436 357 1856 295 2766 2619 2366 348 186 41170 133 777 574 355 311 234 1238 1183 3437 445 203 2877 10394 524 2650 6781 1059
is_linear=0
shrinkage=0.05


Tree=4
num_leaves=64
num_cat=0
split_feature=8 7 5 1 7 3 8 3 8 7 5 0 1 3 7 1 8 8 5 7 7 7 0 8 7 2 8 8 8 2 3 0 3 1 2 8 8 7 1 5 7 7 5 1 5 1 2 3 7 5 5 2 7 8 0 8 1 7 8 0 7 8 2
split_gain=0.281882 0.121229 0.120909 0.227227 0.0866898 0.0633802 0.100985 0.101324 0.106802 0.0938697 0.0624931 0.0696303 0.0516616 0.118094 0.0510653 0.102836 0.106773 0.0804204 0.0572759 0.118056 0.0550211 0.0461252 0.0456728 0.0461673 0.0438578 0.0407385 0.0910731 0.0850209 0.0528613 0.0501865 0.0658482 0.0475064 0.0512358 0.047333 0.0444258 0.0420827 0.0393507 0.0373382 0.0370024 0.0367633 0.0427784 0.0359656 0.0428242 0.0347116 0.0337289 0.0332804 0.0408973 0.0330916 0.0330273 0.0329362 0.0325663 0.0320715 0.0312425 0.0311027 0.0308724 0.0395869 0.0305803 0.0301625 0.0300972 0.0297631 0.0296602 0.031467 0.029213
threshold=-0.10036209598183631 4.141848325729371 -3.9562571048736568 -0.1102723181247711 4.141848325729371 -0.11967481300234793 -0.11014555767178534 -0.12357011437416075 -0.10667084902524947 -1.0922034382820127 -2.2959632873535152 -0.1209605038166046 -0.12272218614816664 -0.12310645356774329 -1.3093744516372678 -0.11422325298190115 -0.08148681744933127 0.28271971642971044 1.3791379928588869 1.4828259348869326 -3.2335282564163204 -0.46148869395256037 -0.12447455525398253 -0.10892941430211066 -0.40316665172576899 -0.10182857140898703 -0.058074042201042168 -0.078648846596479402 -0.076323196291923509 -0.099737059324979768 -0.098304055631160722 -0.06081136874854564 -0.082753736525773988 -0.099207751452922807 0.023406123742461208 -0.056670218706130975 0.075379166752100005 -0.94240123033523548 -0.025929705239832398 -0.75491687655448902 -0.7005779743194579 2.5373322963714604 3.3104250431060795 -0.10235718265175818 0.278502106666565 -0.0089986668899655325 -0.065992228686809526 -0.12215095013380049 -2.1303451061248775 -0.54796516895294178 -0.57075783610343922 -0.11829861998558043 0.99427649378776561 -0.036262745037674897 -0.019530032761394974 -0.060764821246266358 -0.098079387098550783 -2.6765792369842525 -0.079367455095052705 -0.12015965208411215 0.55895355343818676 -0.094529747962951646 -0.098607994616031633
decision_type=2 2 2 2 2 2 2 2 2 2 2 2 2 2 2 2 2 2 2 2 2 2 2 2 2 2 2 2 2 2 2 2 2 2 2 2 2 2 2 2 2 2 2 2 2 2 2 2 2 2 2 2 2 2 2 2 2 2 2 2 2 2 2
left_child=4 2 3 -2 5 6 9 8 22 -1 11 12 13 -9 15 16 20 -17 19 25 -4 -12 23 -8 47 27 29 43 -29 60 33 32 35 -31 -33 -28 59 -30 53 40 -32 -38 -43 52 56 46 -5 -23 49 -22 -21 -7 58 -3 -41 -56 -37 -14 -16 -20 61 -27 -35
right_child=1 38 14 45 -6 51 7 10 -10 -11 21 -13 57 -15 18 17 -18 -19 36 50 48 24 -24 -25 -26 26 31 28 37 30 39 34 -34 62 -36 44 41 -39 -40 54 -42 42 -44 -45 -46 -47 -48 -49 -50 -51 -52 -53 -54 -55 55 -57 -58 -59 -60 -61 -62 -63 -64
leaf_value=0.000382686304187105 0.0031523912719061986 0.00073224147860211943 0.00061913067474961281 6.4105280034709719e-05 0.0015966680312117976 -0.00027578415512174943 0.00026851562413271614 -0.00044176807859912519 0.0014501620848520369 -0.00012340356902570528 -0.00016614216693407532 0.0022198712508591108 -0.00086830449988364226 0.0028428491848436271 8.1951240293643207e-05 6.1933884575445232e-05 -0.0026569806310332948 -0.00049901843575902917 0.00075936166917398267 0.0010568406883511292 -0.0015989827104002056 0.0018733893090613048 8.6621428741587205e-05 0.0013692632170270635 5.2700341475073038e-05 -7.1544480589131321e-05 0.0011303117653346819 0.0013665749027395677 0.0013116859155475865 2.2646814378866211e-06 -6.8723972715790902e-05 -3.0826232068514304e-06 0.00046977417098751045 0.0010495446088398658 0.00016349881592326348 0.000560477673462493 6.0334404780551331e-05 0.00031739134689637863 -0.00017893227312015369 -4.865865748900502e-05 0.00042436076157231122 0.0015464397693737125 -0.00011478305256997163 0.00071398893545847385 0.00036671506340830019 -0.0008923203162717159 0.001703660260064457 0.00041816598958593757 -0.0003320491372512213 -0.00014761290346671429 0.00040860534740240354 -0.00011861917216327966 0.00041033535902299396 0.0017313024347039082 -0.00028047623409082392 -0.001615653268342459 -0.00041717621598056417 0.00043665786861981216 -0.0010919918763895775 -0.00018228697513876949 0.00012236591963087182 -0.00058384303107328849 0.00032814543744815323
leaf_weight=959 90 177 98 135 76 3899 225 54 233 20119 2834 60 82 54 7530 5801 60 717 85 218 136 52 877 165 6004 465 79 181 106 448 877 6664 1891 282 10020 93 680 816 59 10194 881 97 64 239 305 52 52 152 282 55 1722 19386 756 142 474 62 539 94 54 3510 339 844 281
leaf_count=959 90 177 98 135 76 3899 225 54 233 20119 2834 60 82 54 7530 5801 60 717 85 218 136 52 877 165 6004 465 79 181 106 448 877 6664 1891 282 10020 93 680 816 59 10194 881 97 64 239 305 52 52 152 282 55 1722 19386 756 142 474 62 539 94 54 3510 339 844 281
internal_value=1.09177e-06 7.74597e-05 7.16613e-05 0.00102602 -7.98685e-05 -8.22036e-05 -3.64937e-05 8.71664e-05 0.000468603 -0.000100361 2.61645e-05 0.000686623 0.000356045 0.00121155 6.62251e-05 -5.88858e-05 -0.000667846 1.60325e-07 8.38339e-05 0.000100257 -0.000454551 9.64452e-07 0.000287095 0.000736527 7.72644e-05 8.35767e-05 5.82944e-05 0.000174272 0.000587297 -3.37766e-05 -1.96784e-06 0.000129478 0.000315977 0.000385944 9.69659e-05 2.95472e-05 -8.77905e-05 0.000433 0.000968811 -3.34007e-05 0.00017848 0.000219926 0.000889446 0.000121107 -6.43661e-05 0.000215497 0.000526661 0.000796434 -0.000677841 -0.00118399 0.000481955 -0.000144947 0.000104033 0.00118099 -6.81285e-05 -0.000437639 -0.000272654 -0.000172807 7.34496e-05 -0.000159818 -0.000294168 -0.000402051 0.000690706
internal_weight=113977 58652 58274 329 55325 55249 31964 10886 1500 21078 9386 344 284 108 57945 7149 631 6518 50796 46360 571 9042 1267 390 6208 44420 34738 9682 1103 15147 13499 19591 2907 1011 16684 1016 4436 922 378 12488 1758 841 161 8579 937 239 187 204 473 191 1940 23285 8340 319 10730 536 632 176 7584 3595 1648 1309 563
internal_count=113977 58652 58274 329 55325 55249 31964 10886 1500 21078 9386 344 284 108 57945 7149 631 6518 50796 46360 571 9042 1267 390 6208 44420 34738 9682 1103 15147 13499 19591 2907 1011 16684 1016 4436 922 378 12488 1758 841 161 8579 937 239 187 204 473 191 1940 23285 8340 319 10730 536 632 176 7584 3595 1648 1309 563
is_linear=0
shrinkage=0.05


end of trees

feature_importances:
Column_8=62
Column_7=57
Column_4=45
Column_0=29
Column_5=27
Column_2=24
Column_3=24
Column_6=24
Column_1=23

parameters:
[boosting: gbdt]
[objective: regression]
[metric: l2]
[tree_learner: serial]
[device_type: cpu]
[data_sample_strategy: bagging]
[data: ]
[valid: ]
[num_iterations: 1200]
[learning_rate: 0.05]
[num_leaves: 64]
[num_threads: 0]
[seed: 0]
[deterministic: 0]
[force_col_wise: 0]
[force_row_wise: 0]
[histogram_pool_size: -1]
[max_depth: -1]
[min_data_in_leaf: 50]
[min_sum_hessian_in_leaf: 0.001]
[bagging_fraction: 0.8]
[pos_bagging_fraction: 1]
[neg_bagging_fraction: 1]
[bagging_freq: 5]
[bagging_seed: 3]
[bagging_by_query: 0]
[feature_fraction: 0.8]
[feature_fraction_bynode: 1]
[feature_fraction_seed: 2]
[extra_trees: 0]
[extra_seed: 6]
[early_stopping_round: 0]
[early_stopping_min_delta: 0]
[first_metric_only: 0]
[max_delta_step: 0]
[lambda_l1: 0]
[lambda_l2: 1]
[linear_lambda: 0]
[min_gain_to_split: 0]
[drop_rate: 0.1]
[max_drop: 50]
[skip_drop: 0.5]
[xgboost_dart_mode: 0]
[uniform_drop: 0]
[drop_seed: 4]
[top_rate: 0.2]
[other_rate: 0.1]
[min_data_per_group: 100]
[max_cat_threshold: 32]
[cat_l2: 10]
[cat_smooth: 10]
[max_cat_to_onehot: 4]
[top_k: 20]
[monotone_constraints: ]
[monotone_constraints_method: basic]
[monotone_penalty: 0]
[feature_contri: ]
[forcedsplits_filename: ]
[refit_decay_rate: 0.9]
[cegb_tradeoff: 1]
[cegb_penalty_split: 0]
[cegb_penalty_feature_lazy: ]
[cegb_penalty_feature_coupled: ]
[path_smooth: 0]
[interaction_constraints: ]
[verbosity: -1]
[saved_feature_importance_type: 0]
[use_quantized_grad: 0]
[num_grad_quant_bins: 4]
[quant_train_renew_leaf: 0]
[stochastic_rounding: 1]
[linear_tree: 0]
[max_bin: 255]
[max_bin_by_feature: ]
[min_data_in_bin: 3]
[bin_construct_sample_cnt: 200000]
[data_random_seed: 1]
[is_enable_sparse: 1]
[enable_bundle: 1]
[use_missing: 1]
[zero_as_missing: 0]
[feature_pre_filter: 1]
[pre_partition: 0]
[two_round: 0]
[header: 0]
[label_column: ]
[weight_column: ]
[group_column: ]
[ignore_column: ]
[categorical_feature: ]
[forcedbins_filename: ]
[precise_float_parser: 0]
[parser_config_file: ]
[objective_seed: 5]
[num_class: 1]
[is_unbalance: 0]
[scale_pos_weight: 1]
[sigmoid: 1]
[boost_from_average: 1]
[reg_sqrt: 0]
[alpha: 0.9]
[fair_c: 1]
[poisson_max_delta_step: 0.7]
[tweedie_variance_power: 1.5]
[lambdarank_truncation_level: 30]
[lambdarank_norm: 1]
[label_gain: ]
[lambdarank_position_bias_regularization: 0]
[eval_at: ]
[multi_error_top_k: 1]
[auc_mu_weights: ]
[num_machines: 1]
[local_listen_port: 12400]
[time_out: 120]
[machine_list_filename: ]
[machines: ]
[gpu_platform_id: -1]
[gpu_device_id: -1]
[gpu_use_dp: 0]
[num_gpu: 1]

end of parameters

pandas_categorical:null
